 basin_id q_mean runoff_ratio slope_fdc baseflow_index stream_elas q5 q95 high_q_freq high_q_dur low_q_freq low_q_dur zero_q_freq hfd_mean
0 01054200 0.2816213 0.49151468 0.5284276 0.48882607 0.28997537 0.105920754 0.31730542 0.09288194 0.020400383 0.23038116 0.04747248 0.0 0.4029765
1 01055000 0.23496193 0.47739044 0.5403071 0.49005535 0.29125202 0.076482356 0.26531944 0.09403935 0.022223296 0.23430493 0.042600896 0.0 0.4178592
2 01057000 0.18783756 0.37299594 0.6139546 0.5315823 0.2787598 0.032235652 0.21580179 0.08015046 0.02625168 0.23248318 0.06587023 0.0 0.3720664
3 01073000 0.17540902 0.35493827 0.71281123 0.5625058 0.4239013 0.027140995 0.18179885 0.04542824 0.023890404 0.26905832 0.05940248 0.0 0.31883228
4 01078000 0.1808417 0.35979635 0.6004437 0.550344 0.31452832 0.059865974 0.20795035 0.0697338 0.032958858 0.19492714 0.059174307 0.0 0.38723522
5 01118300 0.21943897 0.3992704 0.88810486 0.6275934 0.1482013 0.0243466 0.20782703 0.020254629 0.014828938 0.2508408 0.056109127 0.0 0.24241552
6 01121000 0.20175657 0.384607 0.7768568 0.6016112 0.26208976 0.033032358 0.18936667 0.03414352 0.015935812 0.23822871 0.047091722 0.0 0.24785349
7 01123000 0.17893459 0.33143768 0.7243437 0.65755713 0.23258409 0.08942285 0.15803932 0.026331019 0.015125516 0.16283633 0.043593977 0.0 0.26359475
8 01134500 0.21406966 0.43813047 0.56387407 0.5462643 0.2536309 0.098239824 0.22304688 0.052372687 0.023279918 0.12934418 0.032818668 0.0 0.42644534
9 01137500 0.24524353 0.43669692 0.5568176 0.60775167 0.29707065 0.19865035 0.23578525 0.047743056 0.017476963 0.048486546 0.033643726 0.0 0.43560386
10 01139000 0.1748182 0.39568532 0.60349244 0.6423628 0.40705818 0.110587105 0.16794564 0.024016203 0.018300552 0.09851458 0.031599015 0.0 0.4026903
11 01139800 0.18661204 0.40074745 0.61809397 0.6821371 0.3466598 0.10177732 0.17537685 0.01244213 0.020198671 0.104400225 0.03413084 0.0 0.44161418
12 01142500 0.17745598 0.37968886 0.58712196 0.641929 0.3115973 0.0736709 0.16844688 0.033275463 0.023008391 0.11631166 0.04443367 0.0 0.38981107
13 01144000 0.19147293 0.3970273 0.6084487 0.6316578 0.34395665 0.098060936 0.18804781 0.033564817 0.019582141 0.11771301 0.04821978 0.0 0.39181453
14 01162500 0.18911089 0.35421848 0.748191 0.5701001 0.26028222 0.03653312 0.19954906 0.037326388 0.028443025 0.23864911 0.067617245 0.0 0.31539777
15 01169000 0.23052831 0.4170031 0.5984295 0.5738648 0.24979743 0.087488994 0.23404871 0.047743056 0.018006567 0.18273543 0.044697873 0.0 0.34917
16 01170100 0.22379526 0.4075417 0.63883376 0.60239536 0.30104265 0.08675663 0.22639723 0.038773146 0.018325672 0.17418723 0.043869372 0.0 0.35031483
17 01181000 0.22169533 0.41218016 0.59502757 0.55037045 0.27637175 0.062151317 0.22920378 0.052372687 0.016857872 0.20683858 0.05451559 0.0 0.3145392
18 01187300 0.20629407 0.3701251 0.6324495 0.497545 0.1894738 0.026196072 0.21534303 0.06828704 0.017463904 0.25868836 0.05429261 0.0 0.26101884
19 01333000 0.21308973 0.4079885 0.62713605 0.62036103 0.32231644 0.08995391 0.20841998 0.02662037 0.016294468 0.14181614 0.047740087 0.0 0.30251855
20 01350000 0.21716131 0.39794642 0.6531408 0.5088071 0.31999755 0.03788547 0.2259764 0.06568287 0.020437453 0.26807737 0.07724263 0.0 0.2698912
21 01350140 0.15439045 0.3122925 0.7373822 0.5139348 0.26400667 0.013833497 0.16166437 0.06423611 0.022415653 0.30044842 0.06305708 0.0 0.30566683
22 01365000 0.28032735 0.47237495 0.6249949 0.62271076 0.28301546 0.11146082 0.2516091 0.030671297 0.016841438 0.13340807 0.05154403 0.0 0.30165997
23 01411300 0.12222706 0.27243713 0.53549427 0.815149 0.24526936 0.13991621 0.09500515 0.005497685 0.020527486 0.0109304935 0.023227299 0.0 0.35546646
24 01413500 0.20185977 0.37337163 0.7169668 0.59446466 0.26885906 0.054716412 0.18856837 0.0318287 0.022423271 0.19618835 0.082350664 0.0 0.28305665
25 01414500 0.23079833 0.41127956 0.699299 0.59478515 0.26136538 0.067313716 0.21094202 0.03153935 0.01840046 0.16690023 0.062358327 0.0 0.26674294
26 01415000 0.18642567 0.35012925 0.7087605 0.5715377 0.27614066 0.042416476 0.1778046 0.032407407 0.02086278 0.21398543 0.055117458 0.0 0.27361193
27 01423000 0.18960722 0.36287078 0.7235744 0.5862751 0.30769682 0.04342331 0.18068342 0.02980324 0.020607516 0.22043163 0.086145684 0.0 0.2813394
28 01435000 0.3059477 0.50299495 0.527913 0.6061209 0.27378705 0.157955 0.27376866 0.035590276 0.015274536 0.11014574 0.05427471 0.0 0.29908416
29 01439500 0.20888427 0.40223238 0.6702212 0.6563361 0.26128882 0.049476415 0.18401946 0.01880787 0.025080575 0.1590527 0.07616608 0.0 0.24642245
30 01440000 0.1851052 0.3696901 0.65992254 0.66168267 0.23112701 0.06617072 0.16404358 0.020833332 0.017679175 0.15807176 0.075696334 0.0 0.26788783
31 01440400 0.21318492 0.4028339 0.6358238 0.6314738 0.25934175 0.0806171 0.19266792 0.025752313 0.020032305 0.16774103 0.071289934 0.0 0.24642245
32 01451800 0.18126568 0.36684215 0.633323 0.53440136 0.3176902 0.055853218 0.18556029 0.05787037 0.021607881 0.20557736 0.043685187 0.0 0.23153977
33 01466500 0.08764135 0.17439322 0.38802493 0.9436604 0.12532501 0.16315298 0.05145457 0.0011574074 0.021607881 0.0 0.0 0.0 0.38981107
34 01484100 0.1024692 0.21791378 0.5625334 0.7971821 0.28200755 0.06277743 0.0743328 0.013888889 0.015714822 0.078054935 0.06634669 0.0 0.3580424
35 01485500 0.09429368 0.2054259 0.7313941 0.5338502 0.34604707 0.0142563665 0.10268012 0.07146991 0.030324697 0.2994675 0.07272782 0.0 0.26903263
36 01486000 0.12907831 0.27903038 0.7120413 0.58370745 0.31325012 0.034292553 0.13068193 0.04861111 0.019728934 0.25938904 0.09091986 0.0 0.27819115
37 01487000 0.13424923 0.2846138 0.6678257 0.83763236 0.28410637 0.11305364 0.096422605 0.0046296297 0.014405254 0.03433296 0.03242557 0.0 0.34516317
38 01491000 0.12649535 0.27083957 0.67796785 0.62460226 0.2877239 0.04145691 0.123490706 0.036458332 0.021607881 0.21846972 0.066918656 0.0 0.34344593
39 01510000 0.19573836 0.40102443 0.70577157 0.565116 0.2847277 0.052686654 0.19836874 0.05324074 0.021845331 0.22169283 0.07934269 0.0 0.2916428
40 01516500 0.10580767 0.23502238 0.65058523 0.465878 0.26722866 0.009614895 0.11236391 0.09114583 0.0231513 0.34234866 0.06728239 0.0 0.25987405
41 01532000 0.13870412 0.30752173 0.62828785 0.4878967 0.3362901 0.01602795 0.1457573 0.083043985 0.023313766 0.28363228 0.06515877 0.0 0.21608472
42 01539000 0.18318506 0.37946224 0.67551875 0.5818287 0.29705372 0.05319353 0.17290588 0.036747683 0.0207894 0.18932177 0.067051455 0.0 0.23583284
43 01542810 0.16467068 0.34098417 0.66786367 0.43134815 0.2989647 0.017037613 0.19760352 0.10734953 0.025368746 0.33478138 0.0698317 0.0 0.2561534
44 01543000 0.16970372 0.354872 0.6945481 0.5023676 0.37431636 0.0243114 0.18747146 0.067129634 0.023871565 0.2707399 0.05789407 0.0 0.2676016
45 01543500 0.1679073 0.34912792 0.71945184 0.54099077 0.3906773 0.02553144 0.17850411 0.048900463 0.023112226 0.25168163 0.07506294 0.0 0.29021177
46 01544500 0.16828617 0.3546869 0.7060583 0.543574 0.24375917 0.031257123 0.17758892 0.048900463 0.025011862 0.25546527 0.07299007 0.0 0.2721809
47 01545600 0.15627588 0.3271544 0.700832 0.5772602 0.24806269 0.026904615 0.15943104 0.0396412 0.028464228 0.23710763 0.083109885 0.0 0.29364628
48 01547700 0.13872655 0.31352454 0.7371045 0.49547035 0.43931764 0.015994905 0.15170604 0.08940972 0.030627685 0.32525226 0.06743034 0.0 0.26101884
49 01548500 0.14775994 0.33211342 0.6920254 0.5537237 0.25353396 0.034990426 0.15754038 0.051504627 0.027085934 0.24859865 0.07826254 0.0 0.2813394
50 01549500 0.1555774 0.33084816 0.66499776 0.52818054 0.23914966 0.023802677 0.15917133 0.06597222 0.025659358 0.26401344 0.06233651 0.0 0.23783632
51 01550000 0.17228274 0.36248168 0.6977931 0.5548047 0.31992376 0.03788922 0.1749644 0.050636575 0.02100766 0.23178251 0.06678479 0.0 0.2435604
52 01552000 0.177067 0.36101916 0.6690656 0.57234365 0.26911062 0.045556027 0.17156233 0.036747683 0.018541897 0.18820068 0.06335468 0.0 0.212364
53 01552500 0.20425817 0.3998587 0.6420362 0.5431162 0.26448107 0.044922367 0.19147916 0.039930556 0.016752178 0.20333521 0.049031183 0.0 0.2066399
54 01557500 0.16469264 0.37043732 0.70832807 0.5949449 0.32879522 0.049877375 0.17273256 0.045138888 0.020553837 0.24523543 0.0631667 0.0 0.2985117
55 01567500 0.13342376 0.29408368 0.5846579 0.62104523 0.33179048 0.09108152 0.12495352 0.049479168 0.019447092 0.11561099 0.03606214 0.0 0.28506014
56 01568000 0.1465108 0.31168246 0.67522734 0.57998955 0.35229144 0.050975733 0.14533386 0.058159724 0.019217629 0.23934978 0.058545984 0.0 0.2787636
57 01580000 0.1343207 0.2769908 0.49327698 0.8055704 0.25338137 0.14450344 0.09503046 0.013310185 0.013078455 0.018497758 0.057174888 0.0 0.33714938
58 01583500 0.11306064 0.2450761 0.48513302 0.82245195 0.2450774 0.12299992 0.0784502 0.009259259 0.011152455 0.02410314 0.04552815 0.0 0.32999426
59 01591400 0.10975062 0.23616157 0.51777196 0.7148244 0.27816808 0.07683455 0.07808022 0.028935185 0.012861834 0.06712444 0.057055775 0.0 0.31711504
60 01596500 0.15820709 0.3383164 0.7284744 0.49386182 0.3623065 0.019425714 0.19530906 0.1027199 0.026634714 0.33267936 0.071138985 0.0 0.2824842
61 01605500 0.10378521 0.22852202 0.6022419 0.61084753 0.36955053 0.06525319 0.100129746 0.05121528 0.025841858 0.15765135 0.048289597 0.0 0.34659418
62 01606500 0.12450414 0.2618608 0.68248814 0.58182174 0.3940905 0.046716332 0.13192214 0.0636574 0.026119417 0.2532231 0.07296259 0.0 0.336577
63 01620500 0.16811705 0.35063705 0.59747547 0.46346694 0.38102463 0.016462088 0.17187305 0.0859375 0.02943826 0.32763454 0.1547163 0.0 0.33772182
64 01632000 0.097285576 0.23472957 0.61178565 0.43688673 0.3358155 0.0070559257 0.10939453 0.13859954 0.03296234 0.3929372 0.11226777 0.0 0.34716654
65 01632900 0.08205903 0.19926487 0.59118795 0.6651564 0.4790642 0.04940656 0.07593892 0.046875 0.020351607 0.12920403 0.054911714 0.0 0.34029764
66 01634500 0.10181161 0.24172063 0.59768164 0.54040337 0.5115634 0.035162102 0.1066139 0.08420139 0.025354408 0.2986267 0.059030857 0.0 0.3340011
67 01638480 0.102443285 0.23874776 0.6805172 0.54672223 0.41342574 0.010437135 0.10367703 0.074652776 0.022479165 0.31558296 0.0687809 0.0 0.3159702
68 01639500 0.11732007 0.25668862 0.5552454 0.63253504 0.3403052 0.06419527 0.11305019 0.046875 0.014832529 0.109304935 0.046454597 0.0 0.27275327
69 01644000 0.10319524 0.23945776 0.72626114 0.5760771 0.48660636 0.0078678075 0.1082954 0.06568287 0.021897271 0.29400226 0.07404501 0.0 0.329708
70 01658500 0.09827519 0.2157033 0.51368886 0.4187616 0.3693947 0.0057384456 0.10337622 0.1021412 0.015957285 0.35243836 0.057334468 0.0100680655 0.28420147
71 01664000 0.11475553 0.2578286 0.6988978 0.6349599 0.32870248 0.024640074 0.10338395 0.03414352 0.0169982 0.1980101 0.06351267 0.0 0.3259874
72 01666500 0.12531085 0.27711582 0.5999173 0.6593387 0.35913154 0.060995024 0.10250586 0.024305554 0.015381881 0.12598094 0.05711136 0.0 0.32112187
73 01667500 0.119177476 0.26286328 0.6290425 0.6330135 0.38120064 0.048371594 0.10665963 0.033275463 0.015928885 0.16661996 0.055539988 0.0 0.3145392
74 01669000 0.09857735 0.2178261 0.75999725 0.75217676 0.29987308 0.028088057 0.07899395 0.013599536 0.01880686 0.13579036 0.05496276 0.0038287009 0.32112187
75 02011400 0.10205959 0.21922389 0.6820157 0.6078339 0.38251844 0.051965524 0.10142909 0.054398146 0.022568231 0.20669843 0.06219245 0.0 0.33428732
76 02011460 0.1501029 0.31231225 0.71625656 0.49954957 0.32977468 0.023877544 0.15935977 0.07986111 0.021148138 0.3116592 0.07849194 0.0 0.29364628
77 02013000 0.100423366 0.23385575 0.615169 0.50947154 0.32535335 0.035627488 0.10825323 0.105324075 0.025371833 0.3165639 0.086105384 0.0 0.31768748
78 02014000 0.109575 0.24804683 0.69508475 0.608848 0.34051815 0.058483873 0.10581485 0.053819444 0.02392301 0.21048206 0.057712823 0.0 0.3431597
79 02015700 0.13950045 0.30925608 0.57554406 0.6275024 0.32864302 0.11665485 0.12501225 0.047164347 0.01893594 0.033352017 0.033352017 0.0 0.33199772
80 02016000 0.118873745 0.26751712 0.60133713 0.5578207 0.35358542 0.0667238 0.120891295 0.07118055 0.021093408 0.2097814 0.072781295 0.0 0.32770464
81 02017500 0.120257154 0.28147003 0.77241737 0.57295275 0.3322606 0.036169972 0.13026236 0.08391204 0.027726926 0.33534193 0.09345595 0.0 0.3340011
82 02018000 0.114545956 0.26530376 0.7004865 0.5714714 0.28609335 0.047348384 0.123417564 0.07638889 0.024588278 0.2848935 0.095904745 0.0 0.32627362
83 02027000 0.16911308 0.34561908 0.66823316 0.639998 0.35035336 0.05028482 0.16000704 0.0318287 0.019807225 0.21090247 0.06961829 0.0 0.27361193
84 02027500 0.19008388 0.36761484 0.69131684 0.64166903 0.20265068 0.052352097 0.17144804 0.026041666 0.019843971 0.20767938 0.06478072 0.0 0.2824842
85 02028500 0.14696722 0.31296897 0.69465077 0.629507 0.34391692 0.030417725 0.14248239 0.040509257 0.019391688 0.23388453 0.07646225 0.0 0.29221526
86 02038850 0.09122431 0.2044991 0.5166975 0.6515637 0.41042495 0.03356962 0.08039128 0.038483795 0.01561874 0.12093611 0.0595917 0.0 0.29937038
87 02046000 0.08802449 0.18994416 0.6723856 0.49462247 0.42662296 0.006294404 0.09615998 0.09114583 0.026178777 0.3445908 0.094484575 0.00042541124 0.29679444
88 02051500 0.08421921 0.18619385 0.6030139 0.5257063 0.27734122 0.02118533 0.087191604 0.08043981 0.020293888 0.2547646 0.072183296 0.0 0.29364628
89 02053200 0.08815271 0.1864504 0.776406 0.43453383 0.42557296 0.003975813 0.10932444 0.19762732 0.07234403 0.43231505 0.10351204 0.0 0.35432166
90 02053800 0.09952299 0.21778776 0.62252176 0.67381334 0.36375237 0.06469298 0.08190334 0.033564817 0.018988743 0.09641256 0.040975336 0.0 0.35746995
91 02055100 0.10086829 0.23334679 0.7330131 0.6970518 0.32194215 0.049554177 0.085607864 0.03414352 0.017463904 0.13046525 0.059144244 0.0 0.33228394
92 02056900 0.1045101 0.23235892 0.59754264 0.7119074 0.33490095 0.067687966 0.08249083 0.02488426 0.015231784 0.07441144 0.038333166 0.0 0.34917
93 02059500 0.08834969 0.20123427 0.51196116 0.6701321 0.26529634 0.04988392 0.075056806 0.033854164 0.017556403 0.08506166 0.05258357 0.0 0.34401828
94 02064000 0.095486335 0.217948 0.53026986 0.6330845 0.40119365 0.051888417 0.08157516 0.042824075 0.0148054 0.0892657 0.05419703 0.0 0.31711504
95 02065500 0.09621468 0.21696916 0.5021413 0.6918326 0.34446713 0.06790598 0.07428389 0.03125 0.01912829 0.061378926 0.057968985 0.00014180374 0.31396675
96 02069700 0.13546805 0.27208677 0.49972394 0.80488235 0.35652047 0.1505651 0.09736752 0.012731481 0.012847929 0.01233184 0.026205156 0.0 0.3766457
97 02070000 0.119100265 0.255252 0.40740293 0.76758367 0.3701493 0.13794817 0.084906414 0.022280091 0.013204816 0.021300448 0.051729657 0.0 0.36891812
98 02074500 0.09941758 0.21466102 0.3829329 0.6600152 0.61076045 0.09091602 0.07025191 0.036458332 0.014180171 0.03433296 0.04169002 0.0 0.34029764
99 02077200 0.09401274 0.20240909 0.5625974 0.3819585 0.21865974 0.0 0.09668081 0.1322338 0.022964656 0.41493836 0.08154857 0.06466251 0.27704632
100 02081500 0.0865113 0.18677562 0.51834404 0.35672408 0.28905836 0.0019313138 0.101206824 0.1652199 0.023636205 0.44114348 0.08379262 0.00680658 0.26702917
101 02082950 0.08525339 0.18422802 0.63632274 0.5079948 0.36757126 0.011384181 0.09207164 0.08362268 0.02580445 0.29974777 0.0738509 0.0 0.34516317
102 02092500 0.10330628 0.19252461 0.6600151 0.45417383 0.43796852 0.007213356 0.11442141 0.1099537 0.059499964 0.3399664 0.09474473 0.0 0.37693185
103 02102908 0.13855419 0.2923898 0.41353008 0.8214999 0.16459043 0.18409139 0.093537964 0.005787037 0.012004379 0.0068665924 0.019455343 0.0 0.3099599
104 02108000 0.115758196 0.21441388 0.7091986 0.5603729 0.3765105 0.018642332 0.11503925 0.050057866 0.062302724 0.2598094 0.07681321 0.0 0.35718372
105 02111180 0.1779177 0.33926195 0.5359388 0.7157801 0.3410404 0.13813505 0.13803495 0.022569444 0.015605691 0.05311099 0.0401283 0.0 0.36462507
106 02111500 0.1407983 0.27807048 0.50151914 0.81585467 0.394175 0.15112688 0.0970826 0.010416666 0.012154433 0.014013453 0.04764574 0.0 0.36033198
107 02112120 0.13713908 0.27263558 0.49081087 0.78615683 0.4087882 0.13774976 0.09730409 0.014467592 0.012277205 0.023963006 0.032589685 0.0 0.34974238
108 02112360 0.1473208 0.30323657 0.44456902 0.84866846 0.33413547 0.18183221 0.09626046 0.0078125 0.011219477 0.01233184 0.0322525 0.0 0.3709216
109 02118500 0.1167957 0.23597383 0.45689324 0.7323296 0.4493205 0.1007588 0.088658966 0.02517361 0.014919727 0.04049888 0.03721519 0.0 0.33915284
110 02125000 0.09878814 0.2157939 0.43801826 0.30122286 0.6075067 0.0 0.11479873 0.22482638 0.029249692 0.5172366 0.08926925 0.065087914 0.22867772
111 02128000 0.09703384 0.21144977 0.52885073 0.4497095 0.35709643 0.009223006 0.0970057 0.08738426 0.01708267 0.32020742 0.06048362 0.0008508225 0.27590153
112 02137727 0.18056372 0.3211564 0.5190112 0.7655144 0.43192038 0.17145017 0.13300577 0.016203703 0.014070248 0.02872758 0.040697403 0.0 0.36290783
113 02143000 0.1444821 0.2759273 0.48805586 0.7468124 0.3774613 0.11641241 0.107179545 0.021122685 0.014339776 0.0470852 0.034802105 0.0 0.30681163
114 02143040 0.17332311 0.30322132 0.5572097 0.6729024 0.39601493 0.10471674 0.15129359 0.032696757 0.013873241 0.10215808 0.04631166 0.0 0.30738407
115 02149000 0.15647484 0.28975672 0.48869208 0.787149 0.43447176 0.1484802 0.115806095 0.014756944 0.012522749 0.027746636 0.036284063 0.0 0.34659418
116 02152100 0.13403766 0.25108823 0.4705677 0.73630697 0.47340393 0.10415362 0.10498221 0.02372685 0.013629586 0.051429376 0.0336269 0.0 0.34201488
117 02177000 0.30065387 0.39644903 0.5469446 0.82533306 0.40454602 0.2857629 0.21312559 0.0043402775 0.012466085 0.025644619 0.039632592 0.0 0.34401828
118 02178400 0.29545766 0.40171033 0.5204388 0.81299704 0.39065963 0.2934467 0.2082007 0.0049189813 0.012244466 0.02102018 0.031073308 0.0 0.3248426
119 02202600 0.07360277 0.15497448 0.5654148 0.42165783 0.58304465 0.0006322108 0.10952214 0.2751736 0.09785283 0.5060258 0.13337114 0.0007090187 0.29994273
120 02212600 0.07593361 0.15847382 0.490988 0.39568886 0.38802952 0.0014492936 0.09000383 0.15017362 0.027621895 0.41507852 0.09408445 0.0154566085 0.25987405
121 02221525 0.07821821 0.16393739 0.5556563 0.59393555 0.2748929 0.016856497 0.07965348 0.06799769 0.02372828 0.20781952 0.09679265 0.0 0.2744705
122 02231000 0.07803785 0.14740832 0.56729597 0.48715395 0.46839458 0.013272493 0.09007419 0.1802662 0.09480077 0.41101456 0.12477228 0.0 0.45134512
123 02231342 0.11757777 0.21938872 0.64481664 0.43746865 0.3859885 0.0 0.15784496 0.19618057 0.06599163 0.42797086 0.110234916 0.0947249 0.7054951
124 02245500 0.09141126 0.17133544 0.46921957 0.49591333 0.41261944 0.034747515 0.097987615 0.088541664 0.03273273 0.22295405 0.059688482 0.0 0.55609614
125 02246000 0.09805554 0.1866167 0.4759798 0.46466035 0.42048728 0.026841389 0.1036168 0.09722222 0.039891474 0.24635652 0.06250837 0.0 0.50228965
126 02296500 0.07242659 0.13813765 0.49342224 0.4902724 0.6385454 0.0040976116 0.104101084 0.3466435 0.16178901 0.5186379 0.18368424 0.0 0.7959359
127 02297155 0.081319444 0.14387229 0.46051857 0.43773636 0.4295856 0.00032337278 0.10597846 0.3015046 0.07263036 0.51289237 0.12280522 0.034316506 0.81911844
128 02297310 0.09520976 0.17449638 0.46086073 0.4737286 0.5423913 0.005155555 0.12640877 0.30324075 0.13641602 0.5117713 0.15000194 0.0053885425 0.88694906
129 02298123 0.107214145 0.2053107 0.5739594 0.5643055 0.5507478 0.016048715 0.14934024 0.22193286 0.13584627 0.3825673 0.11213178 0.0 0.8460218
130 02298608 0.13911477 0.25236586 0.52034205 0.44143167 0.44558376 0.00872156 0.17597894 0.23697917 0.085907064 0.43806055 0.12011337 0.00907544 0.8932456
131 02299950 0.12231809 0.21785316 0.4011455 0.39365777 0.30682325 0.02373664 0.17067409 0.22743055 0.044460196 0.43960205 0.08035736 0.0 0.8626216
132 02300700 0.15521279 0.28181708 0.3200161 0.40456122 0.3760662 0.03689182 0.15620802 0.10185185 0.031172024 0.23066145 0.044058926 0.00113443 0.7601603
133 02312200 0.039848343 0.07690173 0.37697983 0.62256986 1.0 0.0 0.07044647 0.46788192 0.5459366 0.6073431 0.3277724 0.12989223 0.48053807
134 02314500 0.061199628 0.11730893 0.7805531 0.65745646 0.44050893 0.0036443495 0.074300125 0.1490162 0.24191432 0.39980382 0.31612396 0.0 0.38838002
135 02315500 0.060732625 0.11589657 0.70119935 0.6413954 0.53595966 0.0036172369 0.08167974 0.16059028 0.2855327 0.41493836 0.30016816 0.0 0.38151112
136 02324400 0.046565622 0.0839679 0.71732855 0.5596291 0.54231685 0.002976343 0.064563505 0.34230325 0.19663173 0.5252242 0.24131922 0.0 0.50028616
137 02327100 0.15960707 0.27074867 0.70636994 0.37684026 0.39493963 0.0066983677 0.20216683 0.23668982 0.07752301 0.47421527 0.12596342 0.0 0.4876932
138 02342933 0.1026535 0.1896726 0.48163176 0.37742224 0.36467868 0.0052167685 0.106026895 0.14467593 0.02318442 0.4309137 0.0691088 0.0 0.30051517
139 02349900 0.084312834 0.17515941 0.5797422 0.5215172 0.36104733 0.024633914 0.09187216 0.13078703 0.031303726 0.3793442 0.08111762 0.0 0.27504295
140 02361000 0.124904834 0.22277798 0.6093723 0.63659656 0.31338733 0.058442004 0.109110914 0.030960647 0.027524324 0.1549888 0.06057033 0.0 0.29364628
141 02369800 0.15972587 0.24417098 0.5299216 0.608345 0.3025883 0.12949124 0.1324243 0.03298611 0.021607881 0.04456278 0.032937706 0.0 0.3216943
142 02371500 0.1186369 0.21083897 0.7346563 0.5870512 0.30874845 0.02653438 0.12728861 0.058449075 0.042792078 0.28629485 0.09543161 0.0 0.29564965
143 02372250 0.12577176 0.22290806 0.66794604 0.56930465 0.3213338 0.029072547 0.13026164 0.05324074 0.038229328 0.25742713 0.07115872 0.0 0.26702917
144 02374500 0.15280809 0.24421026 0.47564897 0.72071475 0.29413825 0.14713272 0.12625077 0.014467592 0.01742571 0.029848654 0.042285595 0.0 0.27618775
145 02381600 0.38115355 0.63401717 0.5137505 0.6988118 0.36098415 0.17597495 0.30549768 0.027488425 0.01682581 0.10229821 0.042939987 0.0 0.33571833
146 02395120 0.13246475 0.24943778 0.46666172 0.63454366 0.40956688 0.098478384 0.11441495 0.044849537 0.016417753 0.06390134 0.022631727 0.0 0.27590153
147 02422500 0.12855226 0.22702217 0.5224593 0.64327276 0.33304748 0.08797358 0.11631696 0.045717593 0.017242651 0.08183857 0.048815984 0.0 0.26960498
148 02430085 0.17498454 0.29249933 0.594483 0.53442043 0.21379657 0.074624486 0.17252308 0.067129634 0.01576424 0.2179092 0.05880089 0.0 0.21608472
149 02430615 0.17345102 0.28932485 0.5218631 0.630011 0.21923022 0.087854676 0.13391851 0.037326388 0.015485647 0.1087444 0.04864881 0.0 0.2492845
150 02450250 0.18049778 0.28955802 0.6257901 0.41659158 0.29674107 0.01653758 0.20929722 0.15596065 0.026959833 0.44212446 0.09574669 0.0 0.17572981
151 02464000 0.15864144 0.26247585 0.60570234 0.43540502 0.30174208 0.008364996 0.19099812 0.14265046 0.024210649 0.39055496 0.082477435 0.0 0.18546076
152 02465493 0.11929406 0.20810834 0.46027488 0.7071762 0.24653381 0.14513399 0.094944715 0.019097222 0.01876474 0.003923767 0.019058296 0.0 0.24642245
153 02469800 0.13098483 0.22575489 0.5903619 0.47383097 0.475974 0.023869667 0.15041548 0.11834491 0.026943974 0.3433296 0.062423564 0.0 0.2467086
154 02472000 0.13647817 0.23174167 0.47472155 0.45452416 0.4839053 0.045547683 0.17397195 0.17476852 0.044091754 0.35117716 0.075094484 0.0 0.2283915
155 02472500 0.1340034 0.22220068 0.32034305 0.60523045 0.3276827 0.13921641 0.12752077 0.060474534 0.024543736 0.0012612108 0.014293722 0.0 0.26588437
156 02479155 0.15445608 0.24634652 0.5044976 0.43474907 0.3518579 0.055120356 0.16356085 0.112847224 0.021607881 0.30535313 0.04920382 0.0 0.24985687
157 02479300 0.18251374 0.27942508 0.5031671 0.56908095 0.33062103 0.1269751 0.20766357 0.07262731 0.034766525 0.09529148 0.0506236 0.0 0.2824842
158 02479560 0.18214609 0.2769519 0.63833123 0.55465144 0.3531389 0.08116727 0.20081481 0.06828704 0.03983953 0.20613791 0.053096123 0.0 0.26359475
159 02481000 0.19455488 0.28714067 0.52979994 0.36270627 0.35873753 0.01943117 0.25040644 0.15885417 0.026129352 0.40484866 0.06285322 0.0 0.2982255
160 02481510 0.17566758 0.26872104 0.5217158 0.47558188 0.36221159 0.057965253 0.19765191 0.09953704 0.024291214 0.253083 0.050616592 0.0 0.29364628
161 03010655 0.1541119 0.33251 0.77163875 0.55346984 0.31136662 0.033704784 0.15618555 0.049189813 0.028697966 0.26121077 0.071049325 0.0 0.26330853
162 03011800 0.19898228 0.39315543 0.73704016 0.61584693 0.34586266 0.07458572 0.182676 0.020254629 0.016440779 0.17502804 0.05409957 0.0 0.2435604
163 03015500 0.21111159 0.4161255 0.6922927 0.5425942 0.3074614 0.074558884 0.22534345 0.04542824 0.022616247 0.21552692 0.058623318 0.0 0.20377785
164 03021350 0.23611403 0.4546468 0.62175864 0.455311 0.30316207 0.03830767 0.2847786 0.09866898 0.019701302 0.29400226 0.054923493 0.0 0.16227815
165 03026500 0.17984834 0.36018667 0.7617536 0.5663995 0.27647376 0.039244175 0.1741613 0.0318287 0.018569272 0.20795964 0.05276588 0.0 0.2604465
166 03028000 0.20408875 0.4179776 0.7348683 0.58156395 0.3547222 0.068885565 0.19836123 0.027199073 0.019161707 0.19899105 0.043649644 0.0 0.26101884
167 03049000 0.1314227 0.28256258 0.73541045 0.5336813 0.27158794 0.027966788 0.1411967 0.057581015 0.01954531 0.2731222 0.056279726 0.0 0.26330853
168 03049800 0.11074807 0.2589047 0.70345485 0.47475845 0.40166458 0.017617192 0.11877824 0.09085648 0.020073593 0.33001682 0.038295466 0.0 0.29793936
169 03069500 0.2523401 0.43947634 0.71967006 0.53130126 0.32189158 0.055421896 0.25915673 0.037326388 0.016591765 0.22477579 0.050278794 0.0 0.30165997
170 03070500 0.20936723 0.40130588 0.8019535 0.51887095 0.3181101 0.02925093 0.22591117 0.056134257 0.015878519 0.29582402 0.0591648 0.0 0.24813962
171 03076600 0.18326242 0.35550243 0.7203282 0.5571582 0.30854863 0.042922784 0.20038833 0.057581015 0.021078276 0.26905832 0.05612259 0.0 0.28277043
172 03078000 0.19599982 0.39615184 0.7826966 0.55994636 0.3618744 0.03248947 0.20666872 0.049479168 0.016949302 0.28110987 0.057925668 0.0 0.26960498
173 03140000 0.09744758 0.23659274 0.7387643 0.49147418 0.50668377 0.009063815 0.10493271 0.09201389 0.019745132 0.33898544 0.053112924 0.0 0.3065255
174 03144000 0.1134624 0.26820382 0.6737828 0.47607633 0.42067853 0.022765387 0.12585714 0.10040509 0.02094395 0.3323991 0.06933478 0.0 0.35403544
175 03164000 0.15912269 0.30115405 0.55297256 0.77673817 0.3915146 0.1838978 0.11745056 0.009548611 0.014855418 0.0077073993 0.032756444 0.0 0.35174584
176 03165000 0.17290379 0.33364162 0.4333904 0.7874195 0.3440882 0.21761084 0.11609788 0.016782409 0.012788338 0.0019618834 0.033352017 0.0 0.33800805
177 03170000 0.11046107 0.23501307 0.5773074 0.7901374 0.25928065 0.11426945 0.07756951 0.01099537 0.012829679 0.01919843 0.028380288 0.0 0.36004576
178 03173000 0.10443063 0.2443622 0.7369193 0.6067116 0.51587033 0.05349124 0.10440801 0.056134257 0.021387393 0.24201234 0.0776266 0.0 0.33113906
179 03180500 0.20794588 0.38979426 0.7800972 0.5298793 0.33601752 0.02900515 0.21972834 0.049189813 0.019749139 0.27536437 0.053195387 0.0 0.28906697
180 03182500 0.17221032 0.34354684 0.7647761 0.5055292 0.29008988 0.028235681 0.18872327 0.072916664 0.019447092 0.31067824 0.06949382 0.0 0.2790498
181 03186500 0.26107457 0.4470957 0.75729376 0.51481134 0.2572818 0.029134152 0.2728959 0.04398148 0.015066044 0.25938904 0.056173418 0.0 0.2650258
182 03213700 0.11647007 0.23684037 0.740504 0.62904316 0.3652453 0.049508814 0.11218611 0.04195602 0.02061278 0.21118274 0.06587351 0.0 0.3626216
183 03237280 0.116157725 0.23260862 0.8160957 0.39707732 0.4629655 0.0 0.13255517 0.21961805 0.028671997 0.4876682 0.09420863 0.07302893 0.30423582
184 03237500 0.1223829 0.26841894 0.54225296 0.3350616 0.3267353 0.0025142368 0.1594319 0.20717591 0.023584211 0.46076232 0.07286474 0.0 0.26531193
185 03238500 0.13108645 0.285317 0.35661486 0.22661228 0.2936026 0.00042948002 0.19694033 0.2517361 0.02379602 0.5469451 0.06282477 0.044100963 0.30509448
186 03241500 0.10700209 0.24652216 0.65091467 0.51347613 0.46975031 0.024793616 0.11823925 0.07725695 0.022361644 0.29162 0.09353848 0.0 0.35403544
187 03280700 0.13687281 0.24232438 0.6771685 0.46034986 0.39378816 0.017217116 0.14434403 0.1009838 0.023864402 0.3668722 0.050705913 0.0 0.30108753
188 03281500 0.14625359 0.27214888 0.68271536 0.45771933 0.37606367 0.0071351635 0.16356222 0.10908565 0.024988255 0.35440022 0.07046554 0.0015598412 0.2615913
189 03285000 0.145477 0.29143763 0.6258097 0.37338734 0.331827 0.0028218536 0.17299122 0.15219906 0.023195399 0.4204036 0.06742322 0.0 0.23268457
190 03291780 0.15552118 0.30384773 0.4981296 0.29012346 0.2974478 0.0 0.21105751 0.19415508 0.020249844 0.46889016 0.064025156 0.0757232 0.30452204
191 03340800 0.11022409 0.25012755 0.5497919 0.43498507 0.39363995 0.008462937 0.11868193 0.113715276 0.022705607 0.36098656 0.1095852 0.0 0.31711504
192 03346000 0.102510214 0.23127921 0.3727148 0.25542682 0.41958043 0.0016099374 0.15479438 0.2410301 0.03248983 0.5236828 0.08056657 0.0 0.3511734
193 03357350 0.12153478 0.26707834 0.56414855 0.3594609 0.31881443 0.0 0.12898685 0.14265046 0.022569248 0.42614913 0.084238775 0.10933069 0.30938753
194 03364500 0.123837486 0.26161474 0.561702 0.38993016 0.35512462 0.00068087096 0.14257658 0.12442129 0.021021241 0.37345853 0.09134957 0.038428817 0.32312533
195 03366500 0.13990189 0.27374682 0.48871526 0.3173961 0.32712704 0.003072645 0.18999489 0.18402778 0.022677578 0.45221415 0.06570632 0.0 0.31167716
196 03368000 0.14585775 0.29427302 0.34541678 0.22671662 0.16869333 0.0 0.1862891 0.23177083 0.022419576 0.5461043 0.061279025 0.06593874 0.31482542
197 03384450 0.13719395 0.2644258 0.46289584 0.29715145 0.51389825 0.00018157528 0.1716027 0.25318286 0.031199498 0.533352 0.10858663 0.043391943 0.25014308
198 03439000 0.32617888 0.41580534 0.47275144 0.811383 0.29256666 0.36139855 0.22629382 0.0078125 0.013259382 0.006025785 0.029268097 0.0 0.31997707
199 03455500 0.3403787 0.41593704 0.5301572 0.7039075 0.3150397 0.24894607 0.27174488 0.020543981 0.0134575395 0.060397983 0.036670204 0.0 0.2927876
200 03456500 0.2678821 0.39663106 0.5565164 0.71560997 0.38283217 0.18147458 0.2120792 0.019097222 0.015501305 0.074691705 0.04163144 0.0 0.31053236
201 03460000 0.22487006 0.35630542 0.51410735 0.7728645 0.3132191 0.21446167 0.1652701 0.010416666 0.014959303 0.034192827 0.03750181 0.0 0.32341155
202 03463300 0.3155238 0.49049965 0.5189886 0.66227275 0.38270926 0.1889032 0.25078955 0.022569444 0.013814875 0.0973935 0.047305413 0.0 0.36691466
203 03471500 0.13587366 0.28181136 0.65811205 0.7088233 0.30361494 0.117103495 0.111758426 0.020833332 0.017286304 0.015695067 0.031390134 0.0 0.35346308
204 03473000 0.14964041 0.30309618 0.66003245 0.705444 0.3243378 0.115700714 0.12345531 0.01707176 0.017227905 0.06179933 0.033889953 0.0 0.33714938
205 03479000 0.18700477 0.3333772 0.5344358 0.6652223 0.3343546 0.13703538 0.14556713 0.023148147 0.015714822 0.06516256 0.03819874 0.0 0.315684
206 03488000 0.12666637 0.2737945 0.7116201 0.59459686 0.36032552 0.055837043 0.12245696 0.04542824 0.018846875 0.2211323 0.071604736 0.0 0.3053806
207 03498500 0.18584722 0.30370864 0.6116268 0.6440658 0.31931797 0.10280948 0.15671441 0.028645832 0.01697762 0.124299325 0.046441507 0.0 0.28849453
208 03500000 0.25790644 0.3515681 0.5322426 0.82301575 0.36749756 0.2458471 0.18311614 0.004050926 0.013750469 0.022141257 0.03273055 0.0 0.3191185
209 03500240 0.23847155 0.33510754 0.5541607 0.793543 0.35785386 0.214429 0.17861213 0.008391204 0.0142415585 0.031109868 0.050368354 0.0 0.30795652
210 03504000 0.3797762 0.48084706 0.5573839 0.8107022 0.36494726 0.35250804 0.26352257 0.0034722222 0.011786117 0.02746637 0.038910687 0.0 0.3008014
211 03574500 0.20249592 0.3342214 0.67373455 0.43314844 0.41613775 0.014877214 0.2517215 0.14322916 0.030214408 0.40947312 0.0898199 0.0 0.15426444
212 03592718 0.15498461 0.25618663 0.52988523 0.49390528 0.29545057 0.061749283 0.15266709 0.0697338 0.016479429 0.22351459 0.04720184 0.0 0.21293645
213 03604000 0.17415982 0.28316152 0.46085984 0.63712543 0.3032443 0.15961914 0.13818444 0.038194444 0.019271893 0.019338567 0.034605853 0.0 0.26960498
214 04015330 0.09936677 0.31476086 0.39692095 0.37530807 0.3723299 0.013940992 0.14902776 0.22309028 0.048999045 0.4304933 0.0988971 0.011202496 0.50915855
215 04024430 0.08245173 0.26168898 0.5183478 0.5204869 0.28176326 0.04252963 0.0992161 0.12297454 0.04027785 0.23346414 0.08535247 0.0 0.5217515
216 04027000 0.08728998 0.25513595 0.39602122 0.5705366 0.31531206 0.06353066 0.09494213 0.08130787 0.0433701 0.07062781 0.053363226 0.0 0.4730967
217 04040500 0.11024885 0.32052207 0.49463966 0.5651017 0.401524 0.04325707 0.13385323 0.097511575 0.066198684 0.16073431 0.06664593 0.0 0.4937035
218 04043050 0.12844856 0.4404682 0.27932364 0.6142125 0.15100934 0.118510924 0.1395007 0.0787037 0.049807996 0.022141257 0.035847746 0.0 0.47853458
219 04045500 0.11114914 0.3073265 0.5100721 0.7208149 0.21962689 0.11887771 0.109368786 0.011574074 0.086431526 0.00896861 0.050822124 0.0 0.45020032
220 04056500 0.113310665 0.3355376 0.42072225 0.80421257 0.24143337 0.15788558 0.092925996 0.0034722222 0.06482364 0.0 0.0 0.0 0.43817976
221 04057510 0.08973825 0.26989886 0.5238596 0.7315495 0.2912375 0.10268828 0.081966974 0.011863425 0.040269233 0.00056053814 0.019058296 0.0 0.44762447
222 04057800 0.10882228 0.3098562 0.50837183 0.6202677 0.249377 0.07575413 0.121313445 0.074363425 0.05553225 0.08422086 0.042110424 0.0 0.5040069
223 04059500 0.06764956 0.21941404 0.5383585 0.59126395 0.35904008 0.028963402 0.08180633 0.097511575 0.095813885 0.1903027 0.11982021 0.0 0.49999997
224 04063700 0.06805573 0.20929682 0.46887854 0.70039696 0.31294194 0.069567464 0.06701916 0.0234375 0.06250851 0.008828476 0.020011209 0.0 0.5452204
225 04074950 0.08474068 0.25308132 0.38199735 0.8814995 0.1720168 0.15733953 0.056999218 0.0 0.0 0.0 0.0 0.0 0.49313104
226 04105700 0.110322006 0.27902153 0.36690554 0.9172071 0.08906388 0.22640052 0.05882497 0.0 0.0 0.0 0.0 0.0 0.34716654
227 04122200 0.10839601 0.29108584 0.359963 0.9335829 0.12287124 0.23387673 0.063598305 0.0 0.0 0.0 0.0 0.0 0.35746995
228 04122500 0.11156559 0.3025442 0.3402631 0.946086 0.11276242 0.24635836 0.063892014 0.0 0.0 0.0 0.0 0.0 0.3706354
229 04124000 0.11906039 0.34137043 0.19661723 1.0 0.15271996 0.33951092 0.057235964 0.0 0.0 0.0 0.0 0.0 0.40354896
230 04127918 0.09098666 0.24553931 0.48908785 0.66567284 0.31736436 0.103047095 0.092114195 0.044270832 0.033734754 0.0 0.0 0.0 0.43531772
231 04127997 0.11053687 0.3105752 0.1814058 0.9944641 0.25633916 0.31272554 0.052089006 0.0 0.0 0.0 0.0 0.0 0.3961076
232 04161580 0.06563535 0.18708277 0.6562186 0.69214106 0.094257094 0.04078992 0.057393998 0.008391204 0.026109524 0.10650224 0.033528484 0.0 0.3480252
233 04185000 0.09347277 0.2557516 0.6256735 0.47983393 0.32281289 0.017068246 0.11765666 0.1423611 0.05595304 0.3206278 0.08791407 0.0 0.28878075
234 04196800 0.09344217 0.24728613 0.47242168 0.2939808 0.5123877 0.0014634337 0.14289881 0.28848377 0.042914454 0.5060258 0.08689331 0.0 0.30452204
235 04197100 0.095453225 0.24486732 0.43632287 0.30424687 0.29755816 0.0028588015 0.14578567 0.2560764 0.036081083 0.4690303 0.07894569 0.0 0.26817396
236 04213000 0.16881984 0.3673372 0.65228623 0.41655028 0.27640074 0.018170808 0.2195581 0.1333912 0.022234894 0.36112672 0.07138551 0.0 0.18460217
237 04216418 0.15214695 0.34195995 0.6645646 0.5479166 0.26956534 0.051352523 0.1600777 0.06336805 0.017145384 0.23878923 0.042730704 0.0 0.25329137
238 04221000 0.13489777 0.30088657 0.7238494 0.5611324 0.30219308 0.03627866 0.13825059 0.053819444 0.020716835 0.2508408 0.065103725 0.0 0.27790502
239 04224775 0.11618204 0.28233063 0.68013203 0.5674493 0.09585367 0.043518074 0.11608696 0.065104164 0.020600734 0.22183298 0.052377224 0.0 0.2939324
240 04233000 0.120543905 0.2975384 0.6615813 0.62141395 0.25773782 0.05159889 0.10877562 0.035011575 0.019224659 0.17867152 0.04104616 0.0 0.3091013
241 04256000 0.23371015 0.4555578 0.5350163 0.6027452 0.27581286 0.16059434 0.23070455 0.030960647 0.018349549 0.07665359 0.036707353 0.0 0.33085293
242 04296000 0.18935314 0.3713253 0.5771883 0.5861859 0.3050507 0.120193355 0.19822624 0.035879627 0.029770859 0.08660314 0.04206438 0.0 0.3912421
243 05056000 0.0055833845 0.03006825 0.47912994 0.50687164 0.4104471 0.00041502216 0.007129695 0.23668982 0.1667476 0.5005606 0.22692078 0.0 0.59845454
244 05057000 0.0070386375 0.036545496 0.52229214 0.5648118 0.41527206 0.001144317 0.009216414 0.1707176 0.18212357 0.40190583 0.17746492 0.00042541124 0.5933028
245 05057200 0.0060445494 0.028881142 0.3166701 0.43968856 0.53045577 0.0002499269 0.0075788354 0.2511574 0.18387882 0.5615191 0.2145129 0.022404991 0.54321694
246 05120500 0.0037025572 0.019563127 0.2870955 0.5215623 0.6673807 0.0 0.0063051633 0.3310185 0.28743505 0.5913677 0.23936312 0.05714691 0.6041786
247 05123400 0.005081131 0.026154637 0.20669599 0.4875074 0.88700205 0.0 0.010121366 0.9105903 1.0 0.69240475 0.44418415 0.49319342 0.68832284
248 05129115 0.06540115 0.23496155 0.6605969 0.7910763 0.41197017 0.030812168 0.060666427 0.0017361111 0.03241182 0.09220853 0.14928998 0.0 0.5955925
249 05131500 0.059150364 0.20984474 0.656469 0.5776931 0.2574986 0.019379748 0.07192264 0.11255787 0.077828385 0.28741595 0.19943145 0.0 0.5924442
250 05291000 0.022062957 0.08948801 0.3119303 0.46348047 0.5517168 0.003180655 0.026783356 0.1898148 0.09449847 0.42881167 0.15346943 0.0 0.55180305
251 05362000 0.08487911 0.25495538 0.45224178 0.46680647 0.27509758 0.03073299 0.10670674 0.1467014 0.058272317 0.28096974 0.07895017 0.0 0.5077275
252 05393500 0.1012965 0.30074215 0.4372979 0.45756522 0.3454099 0.033868764 0.12934603 0.15133101 0.049134444 0.2767657 0.07650434 0.0 0.5194619
253 05399500 0.07050738 0.2186944 0.26980886 0.29065207 0.4802381 0.0071778316 0.09340136 0.2589699 0.054323185 0.5574552 0.10471534 0.0 0.49227247
254 05408000 0.06907266 0.19634141 0.262197 0.8647819 0.14860189 0.14636286 0.041140303 0.008969907 0.013955089 0.0 0.0 0.0 0.4982828
255 05412500 0.08559425 0.22518824 0.48100713 0.6773161 0.3923013 0.060145065 0.08510318 0.049189813 0.038263958 0.07301009 0.05281581 0.0 0.58500284
256 05413500 0.07053062 0.18785627 0.33532268 0.8707254 0.21275218 0.11172691 0.048769847 0.009837963 0.0153055815 0.0 0.0 0.0 0.4925587
257 05414000 0.07497984 0.19562915 0.39054736 0.8402561 0.34080434 0.10611937 0.054749437 0.015046296 0.021607881 0.0025224215 0.021440582 0.0 0.51001716
258 05444000 0.08484474 0.21370018 0.4487499 0.7532216 0.36500123 0.07506269 0.063094154 0.025752313 0.016297469 0.03279148 0.041292977 0.0 0.4948483
259 05454000 0.078832254 0.20275748 0.6031039 0.50134486 0.4617276 0.002006118 0.07997748 0.09866898 0.025407888 0.35678253 0.09052691 0.013329552 0.5526617
260 05458000 0.075215876 0.20707498 0.5318888 0.5556728 0.30560866 0.031173274 0.078978874 0.09346064 0.039209805 0.21945068 0.067830205 0.0 0.63737833
261 05466500 0.08446669 0.21872362 0.6456602 0.58745795 0.3918405 0.02015095 0.09815914 0.09548611 0.034953926 0.2857343 0.10015429 0.0 0.5077275
262 05487980 0.07251168 0.19067885 0.34262028 0.2739721 0.3760457 0.0028573943 0.09582274 0.25983796 0.04093645 0.5714686 0.09964068 0.0 0.6702919
263 05489000 0.07037045 0.185322 0.37069097 0.28788406 0.45082214 0.003032751 0.084327675 0.23842593 0.03853873 0.5588565 0.097943924 0.0 0.6164854
264 05495000 0.07621573 0.19722123 0.33458257 0.26735416 0.4883493 0.002454681 0.11659186 0.2789352 0.04233739 0.5664238 0.09084155 0.0 0.57469946
265 05495500 0.07590592 0.19473523 0.29254496 0.21677011 0.53868526 0.0008467485 0.10444596 0.28269675 0.03530251 0.5976738 0.081939146 0.0 0.50457925
266 05501000 0.076929055 0.19258787 0.33048806 0.25777453 0.37226906 0.0028425604 0.10215803 0.23697917 0.03781379 0.5483464 0.10132488 0.0 0.5062965
267 05503800 0.078604676 0.1883078 0.16828358 0.12595081 0.43390945 0.0 0.10798131 0.38136575 0.046687193 0.72603697 0.08512157 0.11443562 0.5145964
268 05507600 0.07266707 0.1754727 0.13836181 0.1099932 0.50336254 0.0 0.08198368 0.35937497 0.042598393 0.7485987 0.081840366 0.089336365 0.51860327
269 05508805 0.07051827 0.17312424 0.31318182 0.22354992 0.4018821 0.0008464119 0.083261 0.2326389 0.032902908 0.58239913 0.094744354 0.0059557576 0.4937035
270 05514500 0.07850251 0.18790923 0.29992267 0.22712122 0.5021935 0.0016009264 0.10278737 0.27748844 0.03585114 0.5863229 0.088995434 0.0 0.476245
271 05525500 0.100389495 0.24956219 0.5849479 0.42628562 0.3744729 0.00870692 0.12741233 0.13570602 0.03725771 0.35972536 0.10635357 0.0 0.3912421
272 05556500 0.08794716 0.22344066 0.707057 0.5398585 0.49141747 0.0073907925 0.093233116 0.073495366 0.026135245 0.3332399 0.11802247 0.0 0.48969665
273 05584500 0.075646475 0.19281608 0.5557996 0.41765177 0.48762247 0.0048194975 0.09749916 0.16956018 0.03956943 0.41437784 0.109215856 0.0 0.4937035
274 05585000 0.072380975 0.18465546 0.5063364 0.4124495 0.50591207 0.007218173 0.11140329 0.20862268 0.050255746 0.41591927 0.10322084 0.0 0.5094448
275 05591550 0.09167192 0.22348148 0.60517806 0.39687428 0.42428806 0.0 0.11509224 0.15914352 0.034953926 0.43693945 0.1291821 0.13102666 0.35890096
276 05592050 0.08078086 0.20142059 0.50481766 0.3424205 0.5173577 0.0009131603 0.097436294 0.20630787 0.038324423 0.50224215 0.120255165 0.0046795234 0.40612477
277 05593575 0.089910015 0.21430767 0.16517998 0.14500429 0.40655532 0.0013905311 0.14130749 0.33796296 0.03235642 0.7033352 0.065877125 0.005530346 0.34688032
278 05593900 0.08497455 0.20980535 0.27627555 0.20273384 0.6252405 0.0 0.11207942 0.25752315 0.032375444 0.6140695 0.081556104 0.053176403 0.35432166
279 05595730 0.08965735 0.20417167 0.2140641 0.15311499 0.36836815 0.0 0.12562668 0.375 0.039778143 0.6828756 0.0723295 0.13570619 0.31711504
280 06191500 0.11773035 0.38643742 0.42439216 0.7576673 0.27592838 0.09667447 0.13920106 0.104166664 0.09723546 0.035734307 0.02059265 0.0 0.782198
281 06224000 0.13857257 0.66730875 0.7139344 0.67903125 0.22144729 0.03329367 0.17762555 0.2896412 0.17729089 0.44016257 0.22336607 0.0 0.8709217
282 06278300 0.12963988 0.47667465 0.22821327 0.4774637 0.31848034 0.036002353 0.2205615 0.27922454 0.21720421 0.529148 0.2367241 0.0 0.77447057
283 06280300 0.121360384 0.4419476 0.38032532 0.685131 0.29250294 0.08132889 0.15690096 0.1652199 0.1101616 0.15877242 0.032132514 0.0 0.8288495
284 06289000 0.073688895 0.30403748 0.2982416 0.79172397 0.29310256 0.102761276 0.07861415 0.051504627 0.076924056 0.0028026907 0.007940956 0.0 0.7421293
285 06311000 0.06250118 0.30519545 0.2703305 0.5816805 0.31177652 0.02801191 0.097956695 0.2546296 0.1584578 0.41255605 0.17533632 0.0 0.7209502
286 06332515 0.0037849194 0.02192396 0.041386656 0.13947313 0.31099835 5.268803e-05 0.0024415255 0.20225695 0.07706076 0.84795403 0.23826806 0.047504254 0.45993125
287 06339100 0.00485834 0.029763412 0.13156234 0.17836109 0.47412685 0.0 0.0039237104 0.21035878 0.094632104 0.732343 0.19452862 0.06253545 0.43531772
288 06339500 0.0037116827 0.023123553 0.1664282 0.27621073 0.4659356 0.00021059923 0.0041218624 0.20688657 0.09656022 0.62584084 0.18503119 0.002836075 0.48712075
289 06344600 0.0048648226 0.030343672 0.115639955 0.17771375 0.4458855 0.0 0.0038209192 0.22858796 0.10160849 0.74677694 0.1894807 0.11287578 0.47910702
290 06350000 0.0041563893 0.027487328 0.13684562 0.27907765 0.36327705 0.00063181616 0.0031761448 0.16116898 0.11572682 0.62766254 0.22229715 0.0014180375 0.5080137
291 06352000 0.0049165823 0.031940658 0.14604385 0.26074386 0.3746699 0.00016794041 0.0042665782 0.22019675 0.17128748 0.71090245 0.28105447 0.021695971 0.4891242
292 06353000 0.003927265 0.024503894 0.2002179 0.29750273 0.48816583 0.0 0.0040431255 0.307581 0.1491505 0.6987108 0.22842467 0.12422008 0.504293
293 06354000 0.0046729706 0.029104436 0.2305931 0.33815074 0.42271522 4.6646863e-05 0.005078905 0.2633102 0.11989739 0.63845295 0.19556215 0.014889393 0.509731
294 06360500 0.0058008106 0.034549247 0.17901215 0.3193873 0.68976474 0.0 0.007899259 0.39641204 0.13704999 0.699972 0.21061105 0.15215541 0.5818546
295 06404000 0.016139237 0.07375418 0.48626316 0.5472993 0.6853476 0.00026580333 0.01762485 0.13107638 0.08023254 0.3870516 0.10201359 0.040130462 0.6582713
296 06406000 0.011493893 0.05662222 0.83388793 0.78815365 0.54096824 0.0036995849 0.010221314 0.07146991 0.09883605 0.30170965 0.15310638 0.0 0.58156836
297 06409000 0.018299244 0.074098155 0.517051 0.9771138 0.2851013 0.03046473 0.012358487 0.0011574074 0.014405254 0.00028026907 0.004764574 0.0 0.5263308
298 06431500 0.03841281 0.13798334 0.42458245 0.99312353 0.26981255 0.08031698 0.020704847 0.002025463 0.025209194 0.0 0.0 0.0 0.5123068
299 06447000 0.0045160768 0.02395846 0.459332 0.36683306 0.37946948 0.00011777577 0.006403158 0.19270833 0.039753724 0.42264578 0.07078795 0.026800908 0.62564397
300 06447500 0.0069733844 0.033815246 0.49824372 0.74972236 0.26242933 0.007933608 0.006046673 0.013599536 0.02821029 0.015975336 0.04937831 0.0 0.42186606
301 06450500 0.00970176 0.046179704 0.4105175 0.80509543 0.3045228 0.01398804 0.00710741 0.012152777 0.019728934 0.00154148 0.006551289 0.0 0.43102464
302 06452000 0.0063212626 0.031922553 0.4900615 0.4800003 0.50976884 0.0015647652 0.008670204 0.14467593 0.050018243 0.32959643 0.10187525 0.0012762337 0.57441324
303 06453600 0.011684627 0.047344584 0.56410545 0.55562806 0.58665884 0.0004801149 0.013209856 0.11950231 0.06112366 0.35678253 0.18105382 0.010351674 0.5741271
304 06464500 0.008255849 0.03711985 0.50636137 0.70840573 0.37002417 0.0065783374 0.008048373 0.046006944 0.05205535 0.062219735 0.078350775 0.0 0.47481397
305 06468170 0.007441086 0.04002159 0.17519186 0.38054833 0.450655 0.0 0.011332791 0.49131945 0.3821894 0.702074 0.4774103 0.10663641 0.59673727
306 06470800 0.005236532 0.023007445 0.2743333 0.4073477 0.76347727 0.0 0.007609627 0.5121528 0.28541753 0.65204597 0.330889 0.06792399 0.6273612
307 06477500 0.006403851 0.026058732 0.08011086 0.29645607 0.6057008 6.67083e-06 0.009456677 0.5130208 0.34206048 0.76261216 0.47143295 0.032331254 0.6428163
308 06479438 0.014207017 0.056197513 0.41690588 0.46713975 0.4816242 0.00027557224 0.018159512 0.26417825 0.14722385 0.5374159 0.26103058 0.0100680655 0.5689754
309 06601000 0.03634954 0.12103057 0.51783985 0.77090603 0.46742544 0.031374775 0.024766594 0.016493054 0.017106239 0.049047086 0.052112527 0.0 0.6156268
310 06614800 0.18670546 0.45439392 0.3576446 0.5659502 0.31875327 0.06509181 0.2862134 0.32175925 0.27304503 0.48906952 0.40556982 0.0 0.84630793
311 06622700 0.12137396 0.38184997 0.16314793 0.54200107 0.29407653 0.07462146 0.21814469 0.2482639 0.2574939 0.31712446 0.051837645 0.0 0.7404121
312 06623800 0.1473343 0.364348 0.24315697 0.591058 0.3311729 0.08064503 0.24282517 0.2601273 0.31331426 0.28068948 0.080876626 0.0 0.7693188
313 06632400 0.11327615 0.35798424 0.18189372 0.5213486 0.2904848 0.0470447 0.20852832 0.29571757 0.32475373 0.5414798 0.13438186 0.0 0.7635947
314 06746095 0.32109886 0.82929116 0.42846876 0.5628746 0.32629523 0.06915091 0.51839995 0.3243634 0.3460348 0.51037 0.52583575 0.0 0.8405838
315 06784000 0.008947807 0.03536638 0.3839246 0.8196313 0.20786163 0.011229362 0.0056844186 0.010127314 0.02700985 0.02228139 0.050504487 0.0 0.43245566
316 06803510 0.027749786 0.092489086 0.2876967 0.45715365 0.35934916 0.017812906 0.016291525 0.051793978 0.01790653 0.11210763 0.030251265 0.0 0.61047506
317 06803530 0.02753008 0.09007795 0.24742758 0.46480697 0.41242617 0.01726325 0.019810496 0.073206015 0.020707551 0.115891255 0.03940303 0.0 0.62621635
318 06814000 0.043035135 0.12612161 0.3228004 0.31053177 0.5792762 0.0016960728 0.043390878 0.20630787 0.039503638 0.54414237 0.10221459 0.0012762337 0.64625067
319 06847900 0.0007876559 0.0025722338 0.6028902 0.50689185 0.27224457 0.0 0.00070078834 0.04398148 0.033514265 0.3660314 0.123218484 0.13882586 0.5243274
320 06853800 0.01038033 0.036645606 0.49851057 0.45007512 0.46324912 6.846771e-05 0.00821887 0.12268519 0.04873267 0.46286434 0.15896352 0.03644356 0.5955925
321 06876700 0.01604581 0.054173402 0.25476626 0.3867789 0.6263993 0.0007831178 0.01805139 0.19270833 0.075741306 0.5257848 0.13241987 0.0 0.6554093
322 06878000 0.02879843 0.09048927 0.28329825 0.38510287 0.6023473 0.0074068946 0.027334815 0.13194443 0.033287816 0.3960202 0.095494226 0.0 0.66056097
323 06879650 0.04870872 0.13055104 0.34466678 0.3629418 0.44898787 0.0 0.052778315 1.0 0.9825899 0.6512052 0.39537454 0.54580265 0.6379508
324 06885500 0.045031823 0.12956752 0.22186089 0.29467264 0.57125545 0.003322354 0.050122358 0.20399305 0.036270373 0.57791483 0.08850947 0.0 0.60589576
325 06888500 0.0616892 0.16492005 0.44497716 0.4114416 0.42831644 0.011618156 0.055849675 0.1394676 0.032958858 0.45109305 0.13108687 0.0 0.6107613
326 06889200 0.058354627 0.15887623 0.3270195 0.30187833 0.42493156 0.0031393135 0.055150736 0.16927083 0.030240696 0.50224215 0.08170446 0.00567215 0.5455066
327 06889500 0.05838797 0.15709914 0.3200637 0.29705763 0.3915735 0.0056606866 0.055511236 0.1646412 0.029413598 0.50140136 0.08653627 0.0 0.5658271
328 06892000 0.06469782 0.16435649 0.30565992 0.26231542 0.32955462 0.0017542955 0.08726027 0.2282986 0.03674271 0.5550729 0.08737258 0.0 0.580996
329 06903400 0.0734702 0.18712844 0.22650267 0.20499603 0.5219947 0.00014670062 0.1255458 0.33738425 0.055010457 0.6667601 0.11278529 0.020277936 0.6562679
330 06910800 0.059137676 0.15622911 0.3227414 0.23935105 0.46019945 2.2692826e-05 0.06257529 0.27372685 0.042408828 0.5835202 0.11022048 0.050907545 0.58070976
331 06911900 0.05924344 0.15664975 0.29255664 0.22363305 0.50700366 0.0 0.05615145 0.2583912 0.03710738 0.598935 0.109482735 0.099262625 0.5486548
332 06917000 0.08910881 0.20841336 0.3606507 0.24074557 0.42712477 0.00010540082 0.1072435 0.26707175 0.04316899 0.57791483 0.12595579 0.017583665 0.5523755
333 06918460 0.102334015 0.22389738 0.663051 0.58389604 0.49595502 0.03256141 0.0981807 0.06481481 0.030251032 0.2840527 0.15090299 0.0 0.45735544
334 06919500 0.08126212 0.1726041 0.43491367 0.31217816 0.44757566 0.00021698892 0.103398524 0.28848377 0.04703724 0.5493274 0.13436784 0.01928531 0.46279332
335 06921070 0.09880355 0.21528594 0.53736705 0.39388543 0.44275102 0.009910975 0.10778108 0.15914352 0.02956302 0.45053253 0.11517372 0.0 0.4135661
336 06921200 0.08567093 0.18691464 0.5223615 0.3240146 0.5213715 0.00031176163 0.0814534 0.21238425 0.032236148 0.51555496 0.09526559 0.027651729 0.38609043
337 07014500 0.08810231 0.18920785 0.5025938 0.59871715 0.5023915 0.06769007 0.075946175 0.052662037 0.02427552 0.06684417 0.044562783 0.0 0.40612477
338 07056000 0.13183345 0.2577119 0.66908646 0.45143837 0.41730604 0.0131433755 0.14167388 0.13888888 0.036520362 0.42825115 0.15656492 0.0 0.3133944
339 07057500 0.12944846 0.28097698 0.47470844 0.7875902 0.35376674 0.19257958 0.098625235 0.014756944 0.01620591 0.0 0.0 0.0 0.3995421
340 07060710 0.07876383 0.14974262 0.38425538 0.3629962 0.3918238 0.018156983 0.07995585 0.16782407 0.03500718 0.4330157 0.06911987 0.0 0.3423011
341 07066000 0.12018332 0.25857782 0.46789744 0.66247684 0.2845093 0.12641466 0.103647195 0.044560183 0.019346591 0.0 0.0 0.0 0.35718372
342 07067000 0.12418948 0.2551036 0.5032653 0.76380783 0.280342 0.15960853 0.097565226 0.017650463 0.01938354 0.0 0.0 0.0 0.37693185
343 07068000 0.13727227 0.2854484 0.41846496 0.80823094 0.35106435 0.22384302 0.097706944 0.012731481 0.01828359 0.0 0.0 0.0 0.38666287
344 07071500 0.09879883 0.20891234 0.50509906 0.85423344 0.3907643 0.12762533 0.06649373 0.011863425 0.020134617 0.0 0.0 0.0 0.4026903
345 07083000 0.12243242 0.41751635 0.5090568 0.67109776 0.2843881 0.04981516 0.16705517 0.21527778 0.14101985 0.3566424 0.21653287 0.0 0.8434459
346 07142300 0.0015267725 0.004761303 0.7844795 0.6877752 0.49686962 0.0 0.00152107 0.04369213 0.03546511 0.3445908 0.18596964 0.13754964 0.5211792
347 07145700 0.05811739 0.16330653 0.1596703 0.17772979 0.4206773 0.0024982712 0.07362445 0.21788195 0.031655125 0.6653587 0.08802412 0.0 0.6359473
348 07148400 0.011813402 0.04275337 0.5786926 0.6021392 0.2816068 0.0010309294 0.012571719 0.07957176 0.029710837 0.23080157 0.07133866 0.0 0.5200343
349 07149000 0.018628543 0.06581438 0.3643002 0.6654141 0.3552104 0.0061648577 0.016545797 0.044270832 0.02328173 0.1339686 0.08594212 0.00226886 0.46651402
350 07151500 0.038260646 0.11613163 0.38281614 0.48369008 0.40596402 0.009567786 0.03601606 0.08738426 0.023140356 0.19871077 0.063737415 0.0 0.55151683
351 07167500 0.08612178 0.21613781 0.27913377 0.23319787 0.45365295 0.00088385725 0.08560039 0.27748844 0.046461787 0.6049608 0.15236048 0.015740216 0.5758443
352 07180500 0.067293495 0.18220715 0.3940945 0.3548589 0.40207484 0.0058592316 0.06084472 0.120659724 0.021453539 0.43007287 0.1379479 0.00950085 0.58729243
353 07184000 0.10044763 0.217959 0.16828954 0.14830291 0.53122324 0.0 0.15353912 0.36689815 0.04612591 0.71440583 0.09525411 0.09259784 0.5329135
354 07195800 0.10400178 0.20949858 0.34540758 0.5936741 0.4026118 0.07653353 0.09051321 0.050057866 0.032225545 0.059697308 0.034994975 0.002836075 0.38265595
355 07196900 0.12373728 0.23604535 0.5918047 0.41428176 0.31225666 0.0072099813 0.12638853 0.13425927 0.025191098 0.420824 0.10147529 0.007090187 0.33199772
356 07197000 0.11829824 0.23058644 0.5619296 0.51061934 0.36711514 0.037439164 0.12079649 0.089699075 0.02814472 0.29764575 0.121927164 0.0 0.33629078
357 07208500 0.021661837 0.09203634 0.36538786 0.6932625 0.47724125 0.013940653 0.02511363 0.098958336 0.14211337 0.08898543 0.028542496 0.0 0.5878649
358 07226500 0.0 0.0 0.0 0.0760799 0.0 0.0 0.00033734358 0.43721065 0.092230245 0.88102585 0.17117071 0.82161087 0.93646246
359 07261000 0.13883898 0.26187122 0.7009423 0.4444 0.42534927 0.00018104987 0.17120963 0.18113425 0.037366115 0.44534752 0.14559439 0.036159955 0.21665707
360 07291000 0.135234 0.223358 0.30636284 0.41889483 0.33813712 0.0863047 0.123309545 0.11487269 0.020231908 0.21034195 0.039511744 0.0 0.2409845
361 07292500 0.13651904 0.22644967 0.3914664 0.5031954 0.51603734 0.104148656 0.13650024 0.08709491 0.019242521 0.069646865 0.037587196 0.0 0.26273608
362 07299670 0.010034481 0.039135884 0.28184626 0.5090255 0.34767705 0.008915588 0.004919948 0.040509257 0.021921039 0.045263454 0.056998424 0.0 0.5901545
363 07301410 0.0037802237 0.014813571 0.6091188 0.7440517 0.31820038 0.0006292087 0.0030971405 0.014467592 0.021607881 0.20207399 0.12723176 0.00042541124 0.38208356
364 07301500 0.0043886695 0.016934799 0.623147 0.6039919 0.38613886 0.0 0.003996094 0.041377313 0.028090244 0.2701794 0.11777049 0.053743616 0.44075558
365 07315200 0.014631522 0.04513114 0.018615747 0.07992073 0.6401273 0.0 0.007940698 0.6359954 0.20830756 0.8765415 0.21440583 0.43150878 0.48483112
366 07315700 0.03652224 0.10231118 0.17758124 0.17198873 0.49182945 0.0 0.050393123 0.3726852 0.06626417 0.7163678 0.12685677 0.08238798 0.52919286
367 07335700 0.21809481 0.3649079 0.66186255 0.35762227 0.376514 0.0 0.22790664 0.14033565 0.026871338 0.435398 0.11130475 0.10110607 0.24212939
368 07340300 0.19730194 0.31868476 0.47761464 0.374109 0.40084672 0.0481628 0.22491822 0.14467593 0.024443306 0.3908352 0.070682965 0.0 0.2146537
369 07346045 0.09253435 0.18204415 0.8550611 0.5515296 0.48336348 0.0 0.10878827 0.10879629 0.06154972 0.37191704 0.14876682 0.054736245 0.26473957
370 07362100 0.10930608 0.20247059 0.48783165 0.37247688 0.52917624 0.0030386809 0.14822134 0.3090278 0.07849393 0.51387334 0.100412026 0.00907544 0.30022895
371 07375000 0.15887125 0.24327524 0.27005568 0.52168626 0.40543917 0.14161743 0.16504808 0.09172454 0.0278443 0.030689463 0.04536703 0.0 0.2870635
372 08013000 0.15189378 0.2484019 0.50235814 0.3893177 0.4181354 0.020276882 0.20506552 0.354456 0.11508545 0.517657 0.11733557 0.0 0.15884374
373 08014500 0.1464849 0.23121254 0.4475447 0.5517526 0.40063906 0.09817509 0.15188897 0.083043985 0.049217947 0.10678251 0.07118834 0.0 0.18059532
374 08023080 0.11163284 0.19558516 0.18803546 0.1900194 0.4828409 0.0 0.19001645 0.3828125 0.05373539 0.6987108 0.10465271 0.14846852 0.20148826
375 08029500 0.118158184 0.19813192 0.39531144 0.5382926 0.38159353 0.090784915 0.114859655 0.07696759 0.020675167 0.060117718 0.037851892 0.0 0.2032055
376 08066200 0.09502626 0.17540596 0.21423872 0.19272251 0.51344 0.00415628 0.10571827 0.2427662 0.02962257 0.63943386 0.076283336 0.00340329 0.1262164
377 08066300 0.095290095 0.1686285 0.4423533 0.47767535 0.4562374 0.042085588 0.11783891 0.13831018 0.043397337 0.29316145 0.07222818 0.0 0.18860903
378 08070000 0.08214294 0.15856805 0.30443633 0.32122928 0.5298176 0.019193362 0.11428436 0.21759258 0.045643613 0.49341372 0.092685446 0.0 0.12850599
379 08079600 0.0017959434 0.008654492 0.004039534 0.03786454 0.38059235 0.0 0.001648616 0.9299768 0.1564138 0.88354826 0.112091936 0.5801191 0.7326846
380 08082700 0.0068352567 0.025391875 0.0 0.04018748 0.5697668 0.0 0.0026408278 0.594618 0.15206915 0.9159193 0.21777102 0.74446964 0.7352604
381 08086212 0.008782399 0.031458437 0.060837824 0.13415976 0.53437006 0.0 0.005327533 0.48350695 0.14328083 0.82623315 0.21946819 0.28020418 0.6073268
382 08086290 0.010099334 0.03422739 0.011079861 0.065241545 0.4665503 0.0 0.0054342723 0.5653935 0.1166348 0.88186663 0.17741695 0.3302609 0.6568403
383 08101000 0.02786622 0.08120357 0.29779017 0.3532165 0.5911993 0.0 0.028691465 0.3480903 0.08607378 0.62682176 0.15222815 0.079551905 0.48425868
384 08103900 0.03367426 0.09647305 0.3236433 0.45339727 0.50015324 0.0 0.04202456 0.6475694 0.23474969 0.6434978 0.21449925 0.39931935 0.4693761
385 08104900 0.039579317 0.11020331 0.5429001 0.4639316 0.55727476 0.00044170936 0.03968015 0.3052662 0.087678134 0.5409193 0.16275446 0.007090187 0.45964512
386 08109700 0.030120702 0.07958385 0.20531423 0.27314508 0.5269509 0.0 0.034129508 0.19386573 0.056997165 0.5742713 0.10276433 0.079126485 0.22581567
387 08150800 0.009395292 0.030295774 0.278686 0.35996455 0.5247435 0.00018096625 0.00714452 0.14699073 0.06533811 0.5217208 0.086529315 0.015173 0.37578705
388 08158700 0.043344673 0.11876988 0.48925906 0.5324635 0.46435982 0.0 0.05473025 0.5144676 0.27055502 0.5913677 0.3866635 0.13712423 0.34074956
389 08158810 0.050712004 0.14236076 0.44088963 0.49226934 0.522883 0.0 0.062890716 0.4791667 0.2710807 0.59389013 0.2692302 0.22546795 0.45993125
390 08164000 0.062410045 0.14977129 0.1896903 0.20716447 0.5543402 0.0014725336 0.07016217 0.22627313 0.042243406 0.6558296 0.12669435 0.00113443 0.3995421
391 08164300 0.046542913 0.11451723 0.18013829 0.18187995 0.52068245 0.00028105662 0.03479126 0.20630787 0.03566301 0.6769899 0.13152947 0.012336926 0.2641671
392 08164600 0.063953884 0.14496276 0.08995381 0.12433803 0.5855547 0.0 0.05905293 0.3515625 0.080041386 0.78909755 0.14741382 0.0757232 0.44762447
393 08165300 0.020388622 0.06361913 0.33709902 0.79468316 0.3368872 0.030083258 0.010582261 0.010706019 0.017380252 0.0009809417 0.016676009 0.0 0.30452204
394 08171300 0.04353905 0.11945987 0.50012594 0.5339666 0.48750386 0.0 0.04630458 0.19589119 0.10756276 0.45880046 0.23635174 0.17682926 0.36462507
395 08175000 0.025723165 0.07418656 0.09055854 0.15070543 0.477924 0.0006741956 0.03141482 0.30613425 0.0680391 0.79049885 0.1544653 0.0058139535 0.49542075
396 08176900 0.024083005 0.067140654 0.17188449 0.1972274 0.4841978 0.0 0.017582117 0.23350693 0.06555474 0.6869395 0.23832594 0.06168463 0.52947915
397 08189500 0.021543885 0.06299937 0.123218246 0.18927379 0.42468894 0.00026223328 0.01581048 0.19097222 0.05992101 0.72701794 0.18175448 0.0024106638 0.35088727
398 08190000 0.02680108 0.09831181 0.39545262 0.6596521 0.31537503 0.01491706 0.022377672 0.047164347 0.04295225 0.110986546 0.11792321 0.0 0.35546646
399 08190500 0.004699055 0.017058274 0.04584679 0.15550083 0.37376788 0.0 0.0029919127 0.36747685 0.35182062 0.8493554 0.7804887 0.083238795 0.26702917
400 08194200 0.0069957124 0.034985732 0.00033641508 0.040812656 0.31405944 0.0 0.0037673737 0.76938653 0.20969109 0.9052691 0.23676267 0.65882015 1.0
401 08195000 0.037042268 0.11784324 0.38942915 0.70717627 0.2786174 0.024529148 0.032529503 0.0396412 0.037003495 0.08548207 0.08073306 0.0 0.4499141
402 08196000 0.027722504 0.09327298 0.4223471 0.5521023 0.32564336 0.0049369284 0.026527217 0.09924768 0.066174135 0.2909193 0.13366562 0.0 0.42072123
403 08198500 0.016635315 0.05101499 0.071762845 0.3170501 0.41188857 0.0005171064 0.01633124 0.24623841 0.20895804 0.8588846 0.56157833 0.0032614863 0.48511735
404 08200000 0.052057233 0.15337712 0.44748616 0.47348094 0.38925546 0.00028350772 0.048463218 0.16608797 0.084951535 0.48262334 0.24131167 0.03970505 0.3259874
405 08202700 0.0054623573 0.015882358 0.0 0.0 0.41616383 0.0 0.0 0.073206015 0.08541866 1.0 1.0 1.0 0.739758
406 08267500 0.09037472 0.38280708 0.42068616 0.7788837 0.44910267 0.083849825 0.10384875 0.07060185 0.14645341 0.02102018 0.014585431 0.0 0.69605035
407 08269000 0.041211735 0.18921112 0.3513694 0.7018281 0.37373117 0.024717903 0.054633036 0.1322338 0.159271 0.12864351 0.044631418 0.0 0.6156268
408 08271000 0.11611203 0.48766294 0.43256065 0.77875966 0.33350652 0.10142247 0.13000466 0.052372687 0.1504241 0.030128924 0.032011982 0.0 0.69605035
409 08324000 0.014117245 0.0648029 0.27836573 0.7198073 0.22101665 0.011693301 0.018588215 0.11516203 0.10487728 0.04204036 0.01809332 0.0 0.49914137
410 08377900 0.065126374 0.22587913 0.46052632 0.60659677 0.35433802 0.03193024 0.08572884 0.1267361 0.14339775 0.20936099 0.059817422 0.0 0.7120778
411 08378500 0.06021074 0.21808244 0.4655155 0.6872851 0.3516065 0.043081485 0.07393049 0.10040509 0.14419106 0.082679376 0.036507774 0.0 0.68460214
412 08380500 0.029020434 0.117176436 0.47762185 0.6216844 0.4033768 0.014263277 0.032535013 0.08940972 0.0606985 0.16858184 0.058487576 0.0 0.6717229
413 09034900 0.16860603 0.46311176 0.41708925 0.58703756 0.24273464 0.04512755 0.27024153 0.3298611 0.28643003 0.48038116 0.39836487 0.0 0.8460218
414 09035800 0.09590686 0.27673286 0.31892183 0.6800672 0.2819655 0.07916571 0.13408196 0.17534721 0.2257651 0.04918722 0.05226142 0.0 0.8048082
415 09035900 0.11668321 0.34682706 0.2874012 0.68690425 0.2797982 0.096958555 0.16363098 0.17158565 0.18843344 0.040919285 0.07729197 0.0 0.80337715
416 09047700 0.068747394 0.23994401 0.30065435 0.7412228 0.3635456 0.06848863 0.081561305 0.06944444 0.12964728 0.005325112 0.025864828 0.0 0.7152261
417 09065500 0.19797145 0.54745674 0.35575244 0.5938893 0.30274665 0.05875147 0.31344587 0.3214699 0.30007944 0.45992157 0.24433331 0.0 0.8048082
418 09066000 0.12573409 0.39347443 0.1921712 0.56372935 0.33889464 0.062259983 0.2159067 0.25752315 0.38462025 0.33422086 0.092386246 0.0 0.7598741
419 09066200 0.17684144 0.4740097 0.34364522 0.56395686 0.24765594 0.04825284 0.29516602 0.33940974 0.29472145 0.5056054 0.19315262 0.0 0.7773326
420 09066300 0.08658156 0.24305327 0.25187045 0.52363 0.32963026 0.014951823 0.15854846 0.33304396 0.44411913 0.53615475 0.16276124 0.0015598412 0.80394965
421 09081600 0.16897808 0.448075 0.4471904 0.68267673 0.31297 0.09322674 0.22914791 0.22598378 0.17220157 0.24775787 0.061487347 0.0 0.780767
422 09210500 0.038254645 0.19660023 0.3577546 0.76551235 0.34417132 0.03799514 0.04575419 0.075520836 0.10845494 0.0121917045 0.019738948 0.0 0.6659988
423 09223000 0.05856049 0.23964791 0.27560568 0.6165809 0.39709276 0.024227478 0.08747887 0.2445023 0.1984637 0.33786437 0.08572677 0.0 0.7017744
424 09306242 0.002982566 0.016291283 0.39678326 0.7722928 0.4377617 0.0017227615 0.003563908 0.09375 0.23336512 0.12514015 0.08864093 0.0 0.4868346
425 09312600 0.027727712 0.12382495 0.25964817 0.56705606 0.61391795 0.008782678 0.041344054 0.23640046 0.26747936 0.45683858 0.13506532 0.0035450936 0.5981683
426 09352900 0.1897997 0.5344128 0.63369584 0.67068946 0.30102617 0.08579734 0.23369192 0.11111111 0.06585259 0.26527467 0.11134986 0.0 0.74957067
427 09378630 0.021281742 0.09502695 0.06762823 0.55745643 0.71683216 0.0 0.042064033 0.5040509 0.3840911 0.7767657 0.5178438 0.39818493 0.5575272
428 09386900 0.005561717 0.03231443 0.035725806 0.24079552 0.636345 0.0 0.0070684114 0.34230325 0.0912933 0.851037 0.1995535 0.16945548 0.4135661
429 09404450 0.017954117 0.09417452 0.49151865 0.8786153 0.28328916 0.02352899 0.012752239 0.021701388 0.115756504 0.0 0.0 0.0 0.27819115
430 09430500 0.00883789 0.04830606 0.32901675 0.6538732 0.41153163 0.005879346 0.009602138 0.06857639 0.052255794 0.089405835 0.057354685 0.0 0.37693185
431 09430600 0.03989682 0.17806062 0.42652068 0.46908963 0.48657006 0.0 0.05246945 0.3081597 0.13379298 0.5262052 0.107776955 0.0948667 0.39095595
432 09480000 0.0028827155 0.013630408 0.21424943 0.3572941 0.2152272 0.0 0.0025225983 0.1712963 0.084157005 0.53615475 0.14583407 0.060408395 0.5681168
433 09492400 0.05967187 0.23847926 0.395236 0.7315437 0.33766913 0.053978205 0.070236094 0.078125 0.0711479 0.02508408 0.021868173 0.0 0.5704064
434 09494000 0.02521334 0.10403298 0.39586478 0.7094753 0.4275089 0.010533949 0.031585246 0.16030093 0.09812103 0.19829036 0.054369938 0.0 0.4834001
435 09497980 0.013336961 0.056817226 0.12888974 0.4542246 0.44156405 0.005661526 0.014551913 0.17158565 0.08320437 0.44128364 0.10002429 0.0 0.2913566
436 09505350 0.02388059 0.10575087 0.0 0.2622394 0.43587908 0.0 0.03886228 0.6423611 0.23514459 0.8536996 0.26387078 0.721072 0.43388668
437 09505800 0.021598322 0.08599562 0.045180164 0.5086624 0.3647503 0.022969594 0.022833463 0.120659724 0.0715118 0.0 0.0 0.0 0.29450485
438 09508300 0.03793946 0.1750906 0.048918717 0.19694068 0.52024597 0.0 0.03968826 0.4189815 0.17004462 0.80577356 0.28243607 0.26956892 0.24127072
439 09510200 0.015175421 0.08778783 0.039160162 0.28228915 0.44323203 0.0 0.01677823 0.71585643 0.2672895 0.7976458 0.29161242 0.18391946 0.46451056
440 09512280 0.009223286 0.055367 0.08379525 0.1945173 0.44281843 0.0 0.0048082923 0.99334484 0.41674075 0.810398 0.24383655 0.5490641 0.22867772
441 09513780 0.01597339 0.09625075 0.007353607 0.16746436 0.52015173 0.0 0.0103989635 0.7702547 0.47147685 0.8469732 0.34282243 0.65839475 0.36147678
442 10172700 0.011728472 0.059677996 0.35937515 0.9875012 0.24256815 0.02019866 0.007587336 0.0069444445 0.028810509 0.00014013454 0.004764574 0.0 0.42501432
443 10172800 0.14082251 0.5152925 0.4704 0.8141724 0.30907807 0.1549385 0.15281951 0.038773146 0.05170457 0.0 0.0 0.0 0.6980538
444 10205030 0.025534254 0.10952814 0.35034096 0.7902846 0.32718474 0.03298114 0.025708174 0.037037037 0.07682802 0.0025224215 0.042881165 0.0 0.6682885
445 10234500 0.048832353 0.19450316 0.34191117 0.78986025 0.36692995 0.06401255 0.0484625 0.059317127 0.17036983 0.0 0.0 0.0 0.68660563
446 10242000 0.041363746 0.25801933 0.2809203 0.6432856 0.34044862 0.033841874 0.049374975 0.12760416 0.1108032 0.04512332 0.030683856 0.0 0.61734396
447 10244950 0.046674803 0.2515307 0.32282478 0.9398796 0.30584806 0.07513256 0.038175322 0.011574074 0.2160788 0.0 0.0 0.0 0.604751
448 10249300 0.033718474 0.37514627 0.3215216 0.70861346 0.2970276 0.018892186 0.044421993 0.12702547 0.2258538 0.14251682 0.07454725 0.0 0.62850606
449 10258500 0.004384392 0.038950466 0.0 0.3309443 0.33531213 0.0 0.0044575543 0.7054398 0.4115626 0.828055 0.43990418 0.69015884 0.16773288
450 10259000 0.02925046 0.19906585 0.41333103 0.8077474 0.22306588 0.018417561 0.025335282 0.037905093 0.05897151 0.07707399 0.063915014 0.0 0.2146537
451 10259200 0.006030198 0.06740205 0.059607178 0.29950243 0.32097626 0.0 0.0052482104 0.7349537 0.5380786 0.8098375 0.55068946 0.5143222 0.31905824
452 10263500 0.07814422 0.42084864 0.37382752 0.7550583 0.34570518 0.027148955 0.10475238 0.15393518 0.16904989 0.288537 0.16627555 0.0 0.33485976
453 10316500 0.17393562 0.55916375 0.27405825 0.57321745 0.3381533 0.045166362 0.2908231 0.379919 0.44329917 0.5815583 0.28247115 0.0 0.7601603
454 10329500 0.018266004 0.09516003 0.34558946 0.6813416 0.40355158 0.011986677 0.024328182 0.17534721 0.12353184 0.1825953 0.08062649 0.0 0.51974815
455 10336645 0.2017447 0.42358708 0.5105028 0.5602982 0.3014989 0.034488697 0.3060147 0.3833912 0.17673112 0.53671527 0.29915276 0.0 0.5867201
456 10336660 0.28643188 0.54524547 0.623911 0.61416805 0.3021678 0.05078472 0.40254283 0.35243055 0.18276665 0.4998599 0.3332399 0.0 0.627075
457 10343500 0.09784104 0.26990882 0.3728423 0.6620054 0.36716294 0.05483277 0.13094608 0.1646412 0.1617748 0.21692826 0.13916151 0.0 0.5466514
458 10396000 0.05680527 0.25865698 0.42504883 0.7389554 0.30988795 0.055321082 0.061180655 0.08391204 0.049732424 0.02536435 0.017599752 0.0 0.6096165
459 11098000 0.067720234 0.24427244 0.26604506 0.44799608 0.3880953 0.0022328822 0.07954121 0.2601273 0.13875346 0.5982343 0.2511107 0.0029778788 0.1963366
460 11124500 0.036732793 0.12616268 0.28913516 0.4870645 0.35188138 0.0 0.04777895 0.37528935 0.23750357 0.637472 0.35531223 0.2718378 0.20721234
461 11141280 0.04488394 0.16858937 0.3253912 0.6689587 0.3556544 0.02241636 0.05125451 0.114004634 0.08346573 0.1935258 0.13159753 0.0 0.20492275
462 11143000 0.20835671 0.52186334 0.4260119 0.59763265 0.36866695 0.061902247 0.27147266 0.20601851 0.09049889 0.34893498 0.12895423 0.0 0.18059532
463 11148900 0.102396406 0.31743282 0.21421868 0.33643028 0.40175933 0.0 0.13818218 0.5989583 0.3337934 0.6879204 0.43313506 0.3603233 0.14052664
464 11151300 0.0063450164 0.033346154 0.15042782 0.32445616 0.4600479 5.3081134e-05 0.0067005707 0.28096065 0.116562515 0.71314466 0.27243727 0.012336926 0.13852316
465 11162500 0.09064434 0.238258 0.30286378 0.44755882 0.4319934 0.010185141 0.12083935 0.26157406 0.09966084 0.54974777 0.16992202 0.0 0.1365197
466 11176400 0.026061384 0.12505259 0.17064552 0.31737763 0.5028003 0.0 0.033614744 0.6261574 0.30762798 0.72183293 0.31873143 0.43547928 0.1525472
467 11180500 0.028596532 0.13615848 0.047704197 0.34962764 0.52430975 0.0 0.04426579 0.8217592 0.17839064 0.7490191 0.25466648 0.63315374 0.14453349
468 11180960 0.048110396 0.2082232 0.2137007 0.37781814 0.47101074 0.0 0.07148367 0.6270254 0.22511671 0.68539804 0.21379386 0.32629043 0.14997137
469 11224500 0.006212548 0.033340234 0.10196765 0.37859657 0.70525074 0.0 0.008701455 0.85445595 0.6380807 0.76709646 0.3892728 0.49163356 0.24127072
470 11230500 0.17707087 0.6241893 0.4586608 0.652283 0.24671379 0.042432386 0.24816875 0.20486112 0.11767984 0.3251121 0.11885818 0.0 0.74957067
471 11237500 0.19350314 0.46924645 0.4385742 0.5463515 0.3330898 0.0032045364 0.30182517 0.49450228 0.40138984 0.59501123 0.32111716 0.0002836075 0.61219233
472 11253310 0.006378476 0.03848157 0.18583064 0.4197015 0.49325842 0.0 0.008299966 0.8067129 0.4495729 0.7010931 0.38447037 0.4880885 0.21751575
473 11264500 0.19996348 0.5382395 0.64922035 0.63396204 0.27581164 0.01422901 0.2859076 0.24218749 0.13496862 0.4184417 0.22582567 0.0 0.68259877
474 11266500 0.2008152 0.5216143 0.6794334 0.64676 0.2887108 0.02058829 0.27967888 0.2416088 0.14789 0.42769063 0.27436754 0.0 0.6519748
475 11274500 0.012676481 0.07459153 0.0 0.2538786 0.6331581 0.0 0.013046338 0.5998264 0.7998774 0.82357067 0.7179846 0.7419172 0.17987221
476 11274630 0.010171735 0.057143845 0.23053274 0.4029845 0.705968 0.0 0.012717542 0.8382523 0.66593647 0.6799328 0.40557393 0.44398752 0.19261588
477 11284400 0.054395452 0.13550997 0.20089541 0.2925231 0.4283395 0.0 0.06451007 0.5813078 0.24387771 0.69899106 0.26406327 0.3788996 0.18975383
478 11381500 0.22805521 0.46919346 0.592017 0.7747251 0.2527827 0.25997782 0.18648356 0.02488426 0.018582778 0.0 0.0 0.0 0.30967367
479 11383500 0.15227467 0.3056476 0.48337412 0.70332015 0.31738487 0.1345779 0.15385468 0.073784724 0.034012403 0.028026907 0.11911435 0.0 0.24527757
480 11451100 0.18691988 0.44813478 0.40928394 0.4432122 0.3646369 0.00019516211 0.25772482 0.40943286 0.16438253 0.5952915 0.31138322 0.044668183 0.12764741
481 11468500 0.18355347 0.36316872 0.38372236 0.43484607 0.38164687 0.012173032 0.27659056 0.33680555 0.10841195 0.55829597 0.24976398 0.0 0.12707497
482 11473900 0.1898407 0.368356 0.8376466 0.5506584 0.33060178 0.0030922676 0.2311262 0.30787036 0.07663595 0.5044843 0.25600696 0.0 0.18174013
483 11475560 0.37591064 0.5164556 0.5239248 0.49466515 0.29838338 0.042063497 0.4937099 0.28327546 0.097037226 0.49929932 0.22634903 0.0 0.13279907
484 11476600 0.36876664 0.5415892 0.5673788 0.4985462 0.31763524 0.009829452 0.52013165 0.3408565 0.12237541 0.5203195 0.2491671 0.0 0.11276472
485 11478500 0.35139078 0.54818 0.7062945 0.48231885 0.2797625 0.011104887 0.4567707 0.31278935 0.06673748 0.50896865 0.23385043 0.0 0.11161992
486 11480390 0.23617284 0.4188925 0.5297252 0.45641038 0.37065426 0.0 0.32901093 0.42679396 0.14102489 0.5619395 0.26909778 0.17980714 0.1250715
487 11481200 0.30507153 0.49628758 0.6187649 0.49601018 0.3012471 0.037332065 0.39892536 0.22945602 0.043270327 0.4512332 0.15496898 0.0 0.113050945
488 11482500 0.3221547 0.4992428 0.8059242 0.56174517 0.26610392 0.013067496 0.40801874 0.19184028 0.050801504 0.4491312 0.221311 0.0 0.13623357
489 11522500 0.22430125 0.50810605 1.0 0.7307204 0.30717394 0.06864199 0.20855218 0.030671297 0.027932137 0.31067824 0.15090087 0.0 0.31425297
490 11523200 0.27342996 0.6629942 0.89145684 0.65993506 0.28494197 0.07640562 0.31285313 0.14525463 0.066141196 0.39097536 0.16411309 0.0 0.44476244
491 11528700 0.16327526 0.31197134 0.71852076 0.61841697 0.36690307 0.01732424 0.19720308 0.21209492 0.089991905 0.4516536 0.25593704 0.0 0.19433312
492 11532500 0.55631226 0.7078861 0.8253658 0.5911288 0.293932 0.14769779 0.62376034 0.09722222 0.028583653 0.37528026 0.2162632 0.0 0.1090441
493 12010000 0.7427098 0.6654034 0.7079143 0.5652454 0.2657637 0.20578681 0.8437035 0.07986111 0.025705928 0.2938621 0.11101457 0.0 0.0
494 12013500 0.47989708 0.49517614 0.7779458 0.5607248 0.294982 0.08365615 0.56244814 0.09519676 0.032313604 0.35720292 0.1537329 0.0 0.01602745
495 12020000 0.5093179 0.48167178 0.7071925 0.5259445 0.33370528 0.08572862 0.5849135 0.111689806 0.030664125 0.3689742 0.15298931 0.0 0.003720629
496 12025700 0.49885798 0.6963115 0.7250982 0.6177214 0.22705773 0.20510536 0.5373043 0.047164347 0.022013027 0.2575673 0.118341714 0.0 0.07355466
497 12035000 0.69701076 0.70869315 0.738168 0.6325148 0.26894212 0.3131999 0.7161246 0.059317127 0.02283307 0.25378364 0.15137972 0.0 0.013737801
498 12040500 1.0 0.87183166 0.5631967 0.57801235 0.24075785 0.4375289 1.0 0.052083332 0.018880673 0.17909195 0.06919461 0.0 0.023182573
499 12041200 0.989345 0.9035748 0.42505035 0.69875157 0.16913614 1.0 0.802026 0.020543981 0.014751534 0.021860987 0.028587444 0.0 0.09273038
500 12048000 0.24063756 0.35696808 0.5776494 0.76412994 0.22750035 0.25907508 0.18454584 0.0066550924 0.012424531 0.005184978 0.025184177 0.0 0.42759013
501 12054000 0.60883075 0.75723994 0.58027923 0.6749436 0.24929792 0.3878665 0.51508856 0.01880787 0.015266438 0.09963565 0.06273356 0.0 0.21293645
502 12056500 0.8984209 0.91335475 0.5560924 0.6494534 0.20261827 0.40502456 0.80574155 0.023148147 0.016621446 0.14924328 0.08054399 0.0 0.12879221
503 12073500 0.17484063 0.30870003 0.36826432 0.7374018 0.3282522 0.22663748 0.15703076 0.043402776 0.02700985 0.0 0.0 0.0 0.12163709
504 12082500 0.56627846 0.5692383 0.45128167 0.7809389 0.22563261 0.7350725 0.38228297 0.007233796 0.016881157 0.0057455157 0.021705281 0.0 0.36605608
505 12092000 0.5592081 0.54555917 0.47525916 0.78191936 0.16201714 0.7832473 0.35753703 0.0034722222 0.014405254 0.0018217489 0.012387892 0.0 0.47223812
506 12114500 0.5943947 0.5826808 0.76652604 0.6691055 0.24901628 0.3183201 0.5231146 0.015046296 0.018122738 0.17390695 0.085693285 0.0 0.32913566
507 12115000 0.6048696 0.59590304 0.75374156 0.66228735 0.25287586 0.2944328 0.50865054 0.01707176 0.018748013 0.1789518 0.08569523 0.0 0.27475673
508 12115500 0.701529 0.6960535 0.7295164 0.5946009 0.27206013 0.2440943 0.628988 0.028645832 0.018441208 0.21258408 0.075290196 0.0 0.18059532
509 12117000 0.527066 0.5748838 0.6478563 0.78491485 0.27849737 0.4724054 0.40291104 0.0078125 0.01620591 0.016535874 0.024444336 0.0 0.17544359
510 12145500 0.4024673 0.499818 0.7224867 0.5792135 0.28642756 0.14051853 0.4174855 0.04861111 0.020625705 0.2714406 0.08389982 0.0 0.04951342
511 12147500 0.85680985 0.76173156 0.5665198 0.70572424 0.19768885 0.5687388 0.6508022 0.01099537 0.0124409 0.08814462 0.049948618 0.0 0.15827128
512 12147600 0.98086196 0.79283714 0.66326404 0.5247054 0.22062719 0.32845336 0.9251465 0.044560183 0.01733132 0.18693946 0.05526906 0.0 0.17744705
513 12167000 0.7042085 0.7445818 0.6165363 0.65852624 0.26286572 0.34528407 0.567709 0.021701388 0.015582606 0.1603139 0.05860938 0.0 0.115912996
514 12175500 0.5900265 0.76790535 0.8304526 0.7549543 0.15887867 0.4642623 0.47403568 0.003761574 0.012768293 0.054232065 0.0368778 0.0 0.7907842
515 12178100 0.6462757 0.75357383 0.63265145 0.69441295 0.23580523 0.5791751 0.5120514 0.010416666 0.01620591 0.025784753 0.030230401 0.0 0.51545507
516 12186000 0.69889045 0.7652175 0.6380978 0.68682766 0.23772013 0.53935504 0.55736285 0.011574074 0.016621446 0.060117718 0.040078476 0.0 0.4224385
517 12189500 0.5964433 0.71839845 0.56747544 0.7447318 0.219528 0.641684 0.4351853 0.0069444445 0.014405254 0.009529148 0.026999252 0.0 0.42301086
518 12358500 0.24103488 0.5140253 0.5592929 0.6892524 0.25950646 0.13730627 0.29040164 0.12528935 0.08207204 0.20627803 0.1095852 0.0 0.7120778
519 12390700 0.11634233 0.27135506 0.6083454 0.7339013 0.34210792 0.07295022 0.12961267 0.07754629 0.0723864 0.16339687 0.17360917 0.0 0.590727
520 12411000 0.19664694 0.40958315 0.66090953 0.64222926 0.30243662 0.09071794 0.23224458 0.1171875 0.05682592 0.3014294 0.102485985 0.0 0.4487693
521 12414500 0.21368343 0.413882 0.6823718 0.70933104 0.2876651 0.12842353 0.2226823 0.066261575 0.0589072 0.20151347 0.05270352 0.0 0.5649685
522 12447390 0.14054182 0.3898465 0.35173783 0.59901315 0.21846665 0.050359324 0.2234087 0.2824074 0.28499043 0.4105942 0.15863866 0.0 0.73411566
523 12451000 0.43256328 0.6869173 0.6764807 0.74236536 0.22729236 0.26601753 0.43419486 0.023148147 0.030868402 0.11252803 0.067121975 0.0 0.7218088
524 12488500 0.28054416 0.41914514 0.6999531 0.7138226 0.29132155 0.17702992 0.2858161 0.035590276 0.044296153 0.13312781 0.08382121 0.0 0.6007441
525 13011500 0.16757283 0.4892436 0.19413508 0.58163476 0.30943605 0.07989888 0.27593347 0.28153935 0.26954445 0.37093613 0.078823924 0.0 0.7232398
526 13011900 0.15128043 0.4509572 0.3201762 0.6919294 0.280766 0.118446 0.20582636 0.1707176 0.120270275 0.06838565 0.017885478 0.0 0.8085289
527 13018300 0.1028657 0.32749718 0.3827988 0.7740459 0.29709783 0.10125393 0.11575742 0.054398146 0.10690215 0.020599777 0.036862757 0.0 0.76531196
528 13023000 0.12788147 0.3851581 0.45429114 0.79655224 0.26319996 0.13024749 0.13500628 0.038773146 0.0723864 0.002102018 0.007146861 0.0 0.72409844
529 13083000 0.025138287 0.11528439 0.26966342 0.94331354 0.20375954 0.056817263 0.016744137 0.0 0.0 0.002942825 0.033352017 0.0 0.48597592
530 13161500 0.022474844 0.11630995 0.4471103 0.6836446 0.3962427 0.005831748 0.031269 0.25578704 0.19491191 0.35327917 0.11775972 0.0 0.56525475
531 13235000 0.17094408 0.47309834 0.42532977 0.788581 0.28137103 0.2012243 0.18179037 0.052662037 0.098315865 0.00154148 0.010482063 0.0 0.69633657
532 13240000 0.26593202 0.5801501 0.36657232 0.59545714 0.2777629 0.080347456 0.40722975 0.3130787 0.16013512 0.41718054 0.10353384 0.0 0.70034343
533 13313000 0.14551862 0.2836527 0.30269057 0.6437247 0.3005118 0.09695313 0.20088145 0.22569445 0.2006446 0.14461884 0.03213752 0.0 0.70864344
534 13331500 0.17945856 0.46316186 0.6211513 0.699586 0.25519854 0.097806506 0.20623878 0.10243056 0.06829634 0.18904148 0.04796575 0.0 0.6888952
535 13337000 0.22245394 0.4399261 0.5587784 0.69207704 0.26110807 0.12034039 0.25687236 0.11053241 0.07936741 0.19548768 0.050352886 0.0 0.6471093
536 13338500 0.07452678 0.22683622 0.61578935 0.7335438 0.32788494 0.046663105 0.080528684 0.07957176 0.06909497 0.13480942 0.03788033 0.0 0.61018884
537 13340000 0.14959222 0.36043468 0.66002643 0.7144957 0.2798356 0.085556366 0.16221058 0.07262731 0.07532747 0.16661996 0.056650788 0.0 0.6339439
538 13340600 0.25177404 0.47346988 0.58923185 0.7437924 0.25861531 0.2039729 0.25443882 0.043113425 0.061914887 0.046244398 0.022787092 0.0 0.6027476
539 14020000 0.16928549 0.45601782 0.85686505 0.6854013 0.25937003 0.1181997 0.1713905 0.055555556 0.03241182 0.19170405 0.09052691 0.0 0.3835146
540 14137000 0.4877044 0.5491808 0.69422424 0.7420741 0.2371435 0.42946267 0.37864074 0.009548611 0.01620591 0.020179372 0.022869956 0.0 0.22123638
541 14138800 0.6718566 0.6171745 0.72819257 0.51248354 0.25144908 0.104256965 0.74042654 0.074074075 0.020640364 0.30170965 0.11525986 0.0 0.13050947
542 14138870 0.6230591 0.5261221 0.7715094 0.5950163 0.22274575 0.18710414 0.6197752 0.03472222 0.019065777 0.24579597 0.10317361 0.0 0.0998855
543 14138900 0.83032984 0.65984917 0.6576651 0.6257625 0.24807128 0.51190746 0.81152236 0.032407407 0.017794726 0.16129485 0.06687835 0.0 0.11505433
544 14139800 0.7020512 0.6286313 0.77197266 0.6078137 0.22815102 0.27268192 0.66655797 0.026331019 0.01927762 0.23262332 0.09415706 0.0 0.105895825
545 14141500 0.5782686 0.5543943 0.7962951 0.6311721 0.21308853 0.21907465 0.553569 0.018229166 0.017016206 0.23710763 0.0866845 0.0 0.1273612
546 14154500 0.2588228 0.39668736 0.9398658 0.5600042 0.30515283 0.035057038 0.2865969 0.08362268 0.026686655 0.38326794 0.1416425 0.0 0.12993702
547 14158500 0.46137524 0.56492597 0.51236904 0.924812 0.25282007 0.73196715 0.30027974 0.0 0.0 0.0 0.0 0.0 0.4029765
548 14158790 0.53490406 0.62508553 0.9174328 0.590851 0.29743963 0.09698792 0.5496633 0.050057866 0.023962585 0.3332399 0.20981772 0.0 0.244419
549 14166500 0.24501693 0.34353644 0.7387423 0.6115772 0.3931807 0.048994143 0.3032117 0.12905093 0.04724076 0.36743277 0.15423101 0.0 0.10217511
550 14182500 0.6095384 0.69653434 0.8935169 0.59738046 0.2636127 0.105517484 0.5870742 0.030671297 0.017894026 0.29918724 0.19193143 0.0 0.10017172
551 14185000 0.4412179 0.5483683 0.9356967 0.61949414 0.29257137 0.094687 0.42796457 0.035011575 0.019807225 0.31053814 0.1759716 0.0 0.14310247
552 14185900 0.619255 0.6656839 0.8736406 0.57087344 0.2905608 0.10550319 0.66353333 0.055555556 0.019755777 0.3258128 0.16054542 0.0 0.11534055
553 14222500 0.54627043 0.5257351 0.8552073 0.62847614 0.25959367 0.14952084 0.5436779 0.026331019 0.019663172 0.28867713 0.12746783 0.0 0.08013738
554 14236200 0.5643834 0.7175275 0.8233556 0.63905513 0.28395265 0.19564147 0.54744655 0.02662037 0.020707551 0.2588285 0.1142879 0.0 0.088723525
555 14301000 0.37316567 0.45477596 0.82639414 0.5791587 0.31257328 0.052079722 0.4454441 0.111979164 0.045447007 0.36827353 0.19564532 0.0 0.036061794
556 14305500 0.6815923 0.7261352 0.7771099 0.5840461 0.25834942 0.14185075 0.76380277 0.071759254 0.025040908 0.32329038 0.16654351 0.0 0.03777904
557 14306500 0.39576662 0.44634765 0.8069455 0.61208004 0.308534 0.088279 0.47008148 0.09548611 0.032709178 0.3525785 0.18442565 0.0 0.074413285
558 14309500 0.25332257 0.3604817 0.67668515 0.514285 0.26994973 0.023774197 0.3206849 0.23784721 0.05224023 0.46398544 0.19968992 0.0 0.07155123
559 14316700 0.30167475 0.47114068 0.89337224 0.57014674 0.31828454 0.058349013 0.33484226 0.09346064 0.027477738 0.382287 0.16046615 0.0 0.12850599
560 14325000 0.42005143 0.47309965 0.89942324 0.53850365 0.25655404 0.04326526 0.49948472 0.13773148 0.03474781 0.42979264 0.22832732 0.0 0.07355466
561 14400000 0.7810449 1.0 0.80784464 0.54419935 0.294108 0.10338651 0.98146015 0.15306713 0.038101897 0.41605943 0.22103156 0.0 0.06210646
